RGBX 208
64 216 184 1
248 248 200 1
216 224 184 1
200 216 176 1
112 216 200 1
32 200 120 1
184 248 144 1
192 240 152 1
208 232 160 1
216 224 168 1
232 224 176 1
176 224 112 1
120 184 144 1
104 152 144 1
112 136 136 1
96 120 144 1
64 216 184 1
248 248 248 1
248 248 200 1
240 248 192 1
208 232 208 1
200 216 176 1
192 216 184 1
192 208 168 1
152 144 112 1
200 144 144 1
152 152 120 1
112 216 200 1
48 200 128 1
32 200 120 1
88 184 136 1
32 160 120 1
64 216 184 1
248 248 144 1
216 208 128 1
248 232 128 1
72 128 128 1
208 184 80 1
168 144 88 1
248 208 56 1
232 168 48 1
216 128 48 1
208 88 48 1
160 72 40 1
40 104 136 1
40 96 136 1
40 96 128 1
64 88 96 1
64 216 184 1
184 248 248 1
248 64 0 1
200 216 176 1
136 216 224 1
216 192 144 1
200 168 128 1
248 144 112 1
104 184 224 1
160 136 128 1
128 136 160 1
80 136 176 1
136 112 112 1
72 112 144 1
80 96 112 1
64 72 80 1
56 216 184 1
240 248 160 1
216 240 168 1
208 232 176 1
216 224 144 1
216 208 112 1
176 216 160 1
216 168 104 1
184 184 120 1
144 184 120 1
136 168 112 1
152 152 112 1
176 128 88 1
224 88 56 1
80 104 80 1
56 64 48 1
64 216 184 1
16 200 88 1
8 232 56 1
0 208 48 1
0 192 40 1
0 184 40 1
8 120 64 1
248 216 160 1
144 128 88 1
240 160 32 1
208 104 16 1
176 80 8 1
0 0 0 0
48 112 128 1
40 96 136 1
32 72 96 1
64 216 184 1
248 248 240 1
248 248 224 1
248 248 208 1
248 248 192 1
248 232 168 1
224 224 152 1
200 184 136 1
184 200 160 1
176 96 144 1
80 232 160 1
80 176 152 1
88 128 120 1
64 104 96 1
48 96 88 1
24 80 56 1
64 216 184 1
248 136 32 1
216 208 128 1
248 112 32 1
80 144 232 1
224 48 0 1
176 16 0 1
248 248 200 1
248 232 136 1
248 216 80 1
248 208 24 1
192 112 0 1
40 152 248 1
32 120 208 1
24 88 168 1
16 64 128 1
64 216 184 1
240 232 192 1
216 208 128 1
216 208 128 1
72 128 128 1
176 160 88 1
192 152 128 1
248 192 72 1
232 160 96 1
216 128 120 1
200 96 144 1
128 64 112 1
40 120 152 1
40 96 136 1
40 96 128 1
64 104 104 1
64 216 184 1
200 248 144 1
128 248 88 1
72 224 32 1
192 176 144 1
152 136 112 1
192 128 96 1
80 160 72 1
176 120 112 1
120 96 80 1
168 96 88 1
152 88 80 1
128 88 88 1
104 96 104 1
88 96 96 1
72 96 88 1
64 216 184 1
248 248 200 1
216 224 184 1
200 216 176 1
112 216 200 1
32 200 120 1
224 248 248 1
216 248 248 1
208 240 248 1
192 232 248 1
184 232 248 1
176 224 248 1
120 184 144 1
104 152 144 1
112 136 136 1
96 120 144 1
0 0 0 0
0 0 0 0
0 0 0 0
0 0 0 0
0 0 0 0
0 0 0 0
0 0 0 0
0 0 0 0
0 0 0 0
0 0 0 0
0 0 0 0
0 0 0 0
0 0 0 0
0 0 0 0
0 0 0 0
0 0 0 0
0 0 0 0
0 0 0 0
0 0 0 0
0 0 0 0
0 0 0 0
0 0 0 0
0 0 0 0
0 0 0 0
0 0 0 0
0 0 0 0
0 0 0 0
0 0 0 0
0 0 0 0
0 0 0 0
0 0 0 0
0 0 0 0
