RGBX 208
32 216 72 1
248 232 232 1
232 192 200 1
216 152 176 1
208 112 152 1
184 96 136 1
160 80 120 1
136 56 104 1
120 40 88 1
64 40 32 1
24 8 0 1
32 168 176 1
0 152 192 1
248 176 8 1
248 176 8 1
248 168 0 1
32 216 72 1
248 248 72 1
248 232 56 1
248 224 48 1
248 208 40 1
248 200 24 1
248 176 8 1
248 176 8 1
248 168 0 1
64 40 32 1
0 152 192 1
216 144 176 1
208 112 152 1
184 96 136 1
136 56 104 1
120 40 88 1
32 216 72 1
248 248 160 1
208 240 152 1
168 240 152 1
136 240 152 1
96 216 160 1
64 192 168 1
32 168 176 1
0 152 192 1
64 40 32 1
248 168 0 1
216 144 176 1
208 112 152 1
184 96 136 1
136 56 104 1
120 40 88 1
32 216 72 1
248 224 232 1
232 184 200 1
216 144 176 1
208 112 152 1
184 96 136 1
160 80 120 1
136 56 104 1
120 40 88 1
64 40 32 1
24 8 0 1
248 176 8 1
248 168 0 1
96 216 160 1
32 168 176 1
0 152 192 1
32 216 72 1
248 248 184 1
232 200 176 1
216 152 176 1
208 112 152 1
232 248 112 1
168 232 96 1
112 224 80 1
56 216 72 1
64 40 32 1
112 192 248 1
96 160 224 1
80 128 208 1
64 96 192 1
40 72 144 1
24 48 104 1
32 216 72 1
248 232 248 1
248 216 248 1
248 200 248 1
232 168 216 1
216 136 184 1
208 112 152 1
184 96 136 1
160 80 120 1
144 56 104 1
120 40 88 1
64 40 32 1
24 8 0 1
200 80 88 1
168 56 64 1
152 48 56 1
32 216 72 1
248 232 232 1
232 192 200 1
216 152 176 1
208 112 152 1
184 96 136 1
160 80 120 1
136 56 104 1
120 40 88 1
64 40 32 1
112 192 248 1
96 160 224 1
80 128 208 1
64 96 192 1
40 72 144 1
24 48 104 1
32 216 72 1
24 208 56 1
64 224 216 1
56 176 168 1
48 128 128 1
48 112 104 1
48 96 88 1
40 80 80 1
40 72 64 1
64 40 32 1
232 152 168 1
224 120 136 1
216 88 104 1
152 48 56 1
40 72 144 1
24 48 104 1
32 216 72 1
248 232 248 1
248 216 248 1
248 200 248 1
232 168 216 1
216 136 184 1
208 112 152 1
184 96 136 1
160 80 120 1
144 56 104 1
112 192 248 1
96 160 224 1
80 128 208 1
64 96 192 1
40 72 144 1
24 48 104 1
32 216 72 1
248 248 184 1
232 200 176 1
248 200 248 1
232 168 216 1
232 248 112 1
168 232 96 1
112 224 80 1
56 216 72 1
64 40 32 1
112 192 248 1
96 160 224 1
80 128 208 1
64 96 192 1
40 72 144 1
24 48 104 1
32 216 72 1
248 160 192 0
232 152 184 0
224 144 176 0
200 128 168 0
232 152 200 0
160 112 152 0
216 144 200 0
192 136 208 0
144 104 208 0
88 56 120 0
8 8 64 0
32 24 200 0
72 72 248 0
96 96 248 0
248 168 192 0
0 0 0 0
0 0 0 0
0 0 0 0
0 0 0 0
0 0 0 0
0 0 0 0
0 0 0 0
0 0 0 0
0 0 0 0
0 0 0 0
0 0 0 0
0 0 0 0
0 0 0 0
0 0 0 0
0 0 0 0
0 0 0 0
0 0 0 0
0 0 0 0
0 0 0 0
0 0 0 0
0 0 0 0
0 0 0 0
0 0 0 0
0 0 0 0
0 0 0 0
0 0 0 0
0 0 0 0
0 0 0 0
0 0 0 0
0 0 0 0
0 0 0 0
0 0 0 0
