RGBX 128
0 0 0 0
248 240 200 0
120 136 128 0
48 56 56 0
80 232 32 1
240 240 240 0
224 224 168 1
240 104 0 0
32 152 16 1
232 48 72 0
240 120 16 0
200 88 56 0
240 136 0 0
168 176 160 0
88 104 104 0
72 88 96 0
0 0 0 0
248 240 128 0
120 136 128 0
48 56 56 0
80 232 32 1
240 240 176 0
224 224 40 1
240 104 0 0
32 152 16 1
232 48 72 0
240 120 16 0
200 88 56 0
240 136 0 0
168 176 160 0
88 104 104 0
72 88 96 0
0 0 0 0
248 240 200 0
120 136 128 0
48 56 56 0
248 240 200 0
216 224 200 0
208 208 192 0
0 0 0 0
0 0 0 0
0 0 0 0
0 0 0 0
0 0 0 0
0 0 0 0
0 0 0 0
0 0 0 0
0 0 0 0
0 0 0 0
248 240 200 0
120 136 128 0
48 56 56 0
80 232 32 1
240 240 240 0
224 224 168 1
240 104 0 0
32 152 16 1
232 48 72 0
240 120 16 0
200 88 56 0
240 136 0 0
168 176 160 0
192 192 192 0
72 88 96 0
0 0 0 0
232 224 192 0
120 136 128 0
48 56 56 0
80 232 32 1
240 240 240 0
192 192 176 1
240 104 0 0
32 152 16 1
232 48 72 0
240 120 16 0
200 88 56 0
240 136 0 0
168 176 160 0
88 104 104 0
72 88 96 0
0 0 0 0
248 240 200 0
120 136 128 0
48 56 56 0
80 232 32 1
232 48 72 0
224 224 168 1
240 104 0 0
32 152 16 1
240 136 0 0
240 120 16 0
200 88 56 0
232 48 72 0
168 176 160 0
88 104 104 0
72 88 96 0
0 0 0 0
240 232 200 0
176 168 168 0
40 40 40 1
248 240 40 0
240 240 240 0
224 224 168 1
88 128 248 0
160 48 72 0
232 48 72 0
128 136 128 0
200 96 56 0
240 136 0 0
48 200 88 0
88 104 104 0
80 72 80 0
0 0 0 0
232 224 192 0
176 168 168 0
40 40 40 1
248 240 40 0
240 240 240 0
192 192 176 1
88 128 248 0
160 48 72 0
232 48 72 0
128 136 128 0
200 96 56 0
240 136 0 0
48 200 88 0
88 104 104 0
80 72 80 0
