RGBX 144
0 0 24 1
0 0 24 1
0 0 24 1
0 0 24 1
0 0 24 1
0 0 24 1
0 0 24 1
0 0 24 1
0 0 24 1
0 0 24 1
0 0 24 1
0 0 24 1
0 0 24 1
0 0 24 1
0 0 24 1
0 0 24 1
0 0 0 0
248 248 248 0
240 240 240 0
224 232 224 0
208 216 208 0
184 192 184 0
160 160 160 0
128 128 136 0
96 96 104 0
248 248 48 0
248 232 40 0
208 168 32 0
144 112 24 0
96 72 16 0
224 176 48 0
32 32 40 0
0 0 0 0
136 136 144 0
120 120 120 0
104 104 104 0
88 88 88 0
72 72 80 0
64 64 64 0
48 48 56 0
32 32 40 0
232 128 152 0
224 104 136 0
208 80 96 0
200 64 72 0
184 40 56 0
160 32 32 0
112 8 16 0
0 0 0 0
208 216 208 0
176 176 176 0
160 160 160 0
136 136 144 0
120 120 120 0
104 104 104 0
80 80 88 0
64 64 72 0
248 160 176 0
240 136 160 0
224 112 136 0
216 88 112 0
200 64 96 0
176 48 72 0
144 16 40 0
0 0 0 0
248 248 248 0
240 240 240 0
224 232 224 0
208 216 208 0
184 192 184 0
160 160 160 0
128 128 136 0
88 96 96 0
248 208 232 0
248 176 192 0
240 152 168 0
232 128 144 0
224 104 112 0
208 80 88 0
168 72 56 0
0 0 0 0
136 136 144 0
120 120 120 0
104 104 104 0
88 88 88 0
72 72 80 0
64 64 64 0
48 48 56 0
32 32 40 0
56 152 248 0
48 128 248 0
40 112 232 0
32 88 208 0
32 72 184 0
24 48 152 0
16 24 120 0
0 0 0 0
208 216 208 0
176 176 176 0
160 160 160 0
136 136 144 0
120 120 120 0
104 104 104 0
80 80 88 0
64 64 72 0
64 224 248 0
64 192 248 0
56 160 248 0
48 136 232 0
40 112 224 0
24 80 208 0
16 48 176 0
0 0 0 0
248 248 248 0
240 240 240 0
224 232 224 0
208 216 208 0
184 192 184 0
160 160 160 0
128 128 136 0
88 96 96 0
128 248 248 0
104 240 248 0
88 208 248 0
72 176 248 0
48 136 248 0
32 104 240 0
16 72 232 0
0 0 0 0
152 248 72 0
144 248 64 0
128 240 56 0
112 232 56 0
104 232 48 0
96 208 48 0
88 192 40 0
80 168 40 0
248 96 248 0
224 80 232 0
200 64 216 0
168 56 184 0
136 48 160 0
112 40 128 0
80 32 104 0
