RGBX 144
0 0 0 0
248 224 168 1
192 216 168 1
168 184 160 1
144 160 160 1
120 136 152 1
96 112 152 1
88 96 128 1
88 80 112 1
88 64 96 1
88 48 80 1
88 24 40 1
72 16 16 1
56 16 0 1
8 248 0 1
8 248 0 1
0 0 0 0
248 248 152 1
248 216 136 1
240 184 120 1
240 160 112 1
240 136 96 1
240 112 88 1
208 88 72 1
176 72 64 1
144 56 56 1
112 40 48 1
88 24 40 1
72 16 16 1
56 16 0 1
152 8 0 1
128 8 0 1
0 0 0 0
88 96 128 1
88 80 112 1
88 64 96 1
80 56 88 1
80 56 80 1
80 48 72 1
72 48 64 1
72 48 56 1
64 40 48 1
64 40 48 1
64 40 40 1
40 24 24 1
32 0 0 1
8 248 0 1
8 248 0 1
0 0 0 0
208 88 72 1
176 72 64 1
144 56 56 1
128 48 48 1
120 48 48 1
112 48 48 1
104 48 48 1
88 40 40 1
80 40 40 1
72 40 40 1
64 40 40 1
40 24 24 1
32 0 0 1
8 248 0 1
8 248 0 1
0 0 0 0
248 224 216 1
224 200 192 1
200 176 168 1
184 160 152 1
168 136 136 1
152 120 120 1
136 96 96 1
120 80 80 1
104 56 64 1
88 40 48 1
0 0 0 0
0 0 0 0
0 0 0 0
0 0 0 0
0 0 0 0
0 0 0 0
248 248 224 1
248 200 128 1
248 248 200 1
248 248 112 1
248 248 32 1
248 192 40 1
248 136 48 1
248 80 56 1
248 32 64 1
248 8 32 1
88 24 40 1
72 16 16 1
56 16 0 1
0 0 0 0
0 0 0 0
0 0 0 0
168 184 144 0
120 160 0 0
96 176 24 0
96 136 0 0
80 144 0 0
72 96 0 0
24 32 0 0
96 72 0 0
64 40 0 0
56 32 0 0
40 16 0 0
32 8 0 0
24 0 0 0
16 8 0 0
0 0 0 0
0 0 0 0
0 0 0 0
0 0 0 0
0 0 0 0
0 0 0 0
0 0 0 0
0 0 0 0
0 0 0 0
0 0 0 0
0 0 0 0
0 0 0 0
0 0 0 0
0 0 0 0
0 0 0 0
0 0 0 0
0 0 0 0
0 0 0 0
0 0 0 0
0 0 0 0
0 0 0 0
0 0 0 0
0 0 0 0
0 0 0 0
0 0 0 0
0 0 0 0
0 0 0 0
0 0 0 0
0 0 0 0
0 0 0 0
0 0 0 0
0 0 0 0
0 0 0 0
