RGBX 208
48 48 112 1
248 248 240 1
248 248 168 1
248 248 152 1
240 232 120 1
224 208 120 1
200 192 152 1
192 192 192 1
184 160 144 1
152 136 128 1
112 104 88 1
104 96 104 1
64 64 56 1
64 48 32 1
32 32 32 1
24 200 248 1
16 24 248 1
232 152 136 0
248 248 168 1
248 248 152 1
248 216 144 1
224 208 120 1
200 192 152 1
176 96 80 0
184 160 144 1
152 136 128 1
248 184 112 1
104 96 104 1
232 128 120 0
112 72 32 1
32 32 32 1
216 16 0 1
248 168 168 1
248 224 160 1
232 184 120 1
192 136 80 1
136 88 48 1
96 64 32 1
80 56 24 1
80 40 16 1
232 232 232 1
144 128 136 1
104 96 104 1
80 80 80 1
72 56 48 1
48 48 56 1
48 40 32 1
32 32 32 1
16 24 248 1
248 248 248 1
240 232 240 1
240 216 224 1
240 216 240 1
240 208 240 1
240 208 216 1
240 192 240 1
240 200 224 1
240 184 240 1
232 168 216 1
224 152 192 1
216 144 176 1
192 120 152 1
112 64 16 1
0 168 0 1
16 24 248 1
232 184 120 1
224 184 152 1
216 160 128 1
216 128 64 1
168 96 48 1
144 80 32 1
128 56 0 1
160 136 144 1
152 120 104 1
152 112 96 1
104 80 72 1
96 64 32 1
144 128 136 1
240 232 120 1
224 208 120 1
16 24 248 1
248 248 248 1
248 240 232 1
232 208 192 1
200 184 160 1
152 128 120 1
112 112 112 1
96 88 88 1
88 80 80 1
64 72 40 1
232 248 128 1
248 152 216 1
216 120 168 1
192 96 128 1
88 152 112 1
232 136 32 1
16 24 248 1
248 248 248 1
248 232 232 1
248 192 192 1
248 168 168 1
248 160 168 1
248 160 160 1
232 152 136 0
248 216 144 1
248 184 112 1
232 128 120 0
32 32 32 1
248 152 64 1
144 88 72 1
96 48 48 1
80 40 32 1
16 24 248 1
240 232 224 1
248 216 168 1
208 168 128 1
160 96 80 1
128 104 80 1
88 64 48 1
240 0 0 1
192 0 0 1
136 0 0 1
112 0 0 1
64 32 0 1
48 32 0 1
96 0 0 1
248 0 160 1
248 0 160 1
16 24 248 1
248 224 128 1
248 208 104 1
248 200 80 1
248 192 80 1
240 176 80 1
232 168 80 1
224 128 24 1
168 128 72 1
112 72 32 1
88 48 16 1
64 32 0 1
56 32 8 1
184 80 8 1
248 0 128 1
248 0 80 1
16 24 248 1
216 144 88 1
232 120 96 1
224 96 96 1
184 112 80 1
136 88 48 1
152 72 56 1
120 88 48 1
104 72 48 1
96 64 32 1
248 0 0 1
248 0 0 1
96 56 32 1
248 0 0 1
72 48 24 1
72 40 32 1
248 248 152 1
248 248 224 1
248 192 192 1
248 144 160 1
248 96 128 1
168 96 48 1
224 216 184 1
200 192 152 1
88 144 200 1
168 192 216 1
248 248 240 1
0 168 0 1
216 160 128 1
216 128 64 1
144 80 32 1
128 56 0 1
0 0 0 0
0 0 0 0
0 0 0 0
0 0 0 0
0 0 0 0
0 0 0 0
0 0 0 0
0 0 0 0
0 0 0 0
0 0 0 0
0 0 0 0
0 0 0 0
0 0 0 0
0 0 0 0
0 0 0 0
0 0 0 0
0 0 0 0
0 0 0 0
0 0 0 0
0 0 0 0
0 0 0 0
0 0 0 0
0 0 0 0
0 0 0 0
0 0 0 0
0 0 0 0
0 0 0 0
0 0 0 0
0 0 0 0
0 0 0 0
0 0 0 0
0 0 0 0
