RGBX 208
168 72 32 1
248 248 224 1
248 224 184 1
216 192 168 1
192 168 152 1
168 136 136 1
144 112 120 1
128 88 104 1
112 64 88 1
72 48 0 1
24 8 0 1
16 160 16 1
0 152 0 1
232 176 72 1
216 128 40 1
208 112 24 1
168 72 32 1
248 248 144 1
240 232 120 1
240 216 104 1
240 200 88 1
232 176 72 1
224 152 56 1
216 128 40 1
208 112 24 1
72 48 0 1
0 152 0 1
216 192 168 1
168 136 136 1
144 112 120 1
128 88 104 1
112 64 88 1
168 72 32 1
192 248 96 1
144 232 96 1
96 216 104 1
72 200 80 1
56 184 56 1
32 176 40 1
16 160 16 1
0 152 0 1
72 48 0 1
208 112 24 1
216 192 168 1
168 136 136 1
144 112 120 1
128 88 104 1
112 64 88 1
168 72 32 1
248 248 224 1
248 224 184 1
216 192 168 1
192 168 152 1
168 136 136 1
144 112 120 1
128 88 104 1
112 64 88 1
72 48 0 1
24 8 0 1
216 128 40 1
208 112 24 1
56 184 56 1
16 160 16 1
0 152 0 1
168 72 32 1
248 248 136 1
232 216 152 1
216 192 168 1
192 168 152 1
248 240 208 1
248 216 144 1
248 192 80 1
248 168 24 1
32 40 32 1
200 248 104 1
160 216 88 1
136 184 72 1
120 152 56 1
96 120 40 1
80 96 24 1
168 72 32 1
136 248 248 1
104 248 248 1
72 248 248 1
64 224 216 1
56 176 168 1
48 128 128 1
48 112 104 1
48 96 88 1
40 80 80 1
40 72 64 1
32 40 32 1
72 48 0 1
200 80 88 1
168 56 64 1
152 48 56 1
0 0 0 0
248 248 224 1
248 224 184 1
216 192 168 1
192 168 152 1
168 136 136 1
144 112 120 1
128 88 104 1
112 64 88 1
72 48 0 1
200 248 104 1
160 216 88 1
136 184 72 1
120 152 56 1
96 120 40 1
80 96 24 1
0 0 0 0
24 208 56 1
64 224 216 1
56 176 168 1
48 128 128 1
48 112 104 1
48 96 88 1
40 80 80 1
40 72 64 1
72 48 0 1
232 152 168 1
224 120 136 1
216 88 104 1
152 48 56 1
56 56 96 1
56 32 72 1
0 0 0 0
0 0 0 0
0 0 0 0
168 72 32 1
0 0 0 0
0 0 0 0
0 0 0 0
0 0 0 0
0 0 0 0
0 0 0 0
0 0 0 0
0 0 0 0
0 0 0 0
0 0 0 0
0 0 0 0
0 0 0 0
0 0 0 0
0 0 0 0
0 0 0 0
0 0 0 0
0 0 0 0
0 0 0 0
0 0 0 0
0 0 0 0
0 0 0 0
0 0 0 0
0 0 0 0
0 0 0 0
0 0 0 0
0 0 0 0
0 0 0 0
0 0 0 0
168 72 32 1
240 208 216 0
240 168 184 0
160 168 168 0
208 224 224 0
232 240 240 0
160 192 192 0
184 216 224 0
168 216 216 0
112 136 136 0
104 112 112 0
96 88 96 0
88 64 80 0
80 40 64 0
72 32 56 0
248 128 160 0
0 0 0 0
0 0 0 0
0 0 0 0
0 0 0 0
0 0 0 0
0 0 0 0
0 0 0 0
0 0 0 0
0 0 0 0
0 0 0 0
0 0 0 0
0 0 0 0
0 0 0 0
0 0 0 0
0 0 0 0
0 0 0 0
0 0 0 0
0 0 0 0
0 0 0 0
0 0 0 0
0 0 0 0
0 0 0 0
0 0 0 0
0 0 0 0
0 0 0 0
0 0 0 0
0 0 0 0
0 0 0 0
0 0 0 0
0 0 0 0
0 0 0 0
0 0 0 0
