RGBX 208
56 56 96 1
72 248 248 1
64 224 216 1
56 176 168 1
48 128 128 1
48 112 104 1
48 96 88 1
40 80 80 1
40 72 64 1
32 40 32 1
24 8 0 1
48 208 56 1
24 208 56 1
200 80 88 1
168 56 64 1
152 48 56 1
56 56 96 1
240 184 200 1
232 152 168 1
224 120 136 1
216 88 104 1
200 80 88 1
184 64 80 1
168 56 64 1
152 48 56 1
32 40 32 1
24 208 56 1
56 176 168 1
48 128 128 1
48 112 104 1
40 80 80 1
40 72 64 1
56 56 96 1
240 248 96 1
208 240 88 1
176 232 80 1
144 224 72 1
112 224 72 1
80 216 64 1
48 208 56 1
24 208 56 1
32 40 32 1
152 48 56 1
56 176 168 1
48 128 128 1
48 112 104 1
40 80 80 1
40 72 64 1
56 56 96 1
72 248 248 1
64 224 216 1
56 176 168 1
48 128 128 1
48 112 104 1
48 96 88 1
40 80 80 1
40 72 64 1
32 40 32 1
24 8 0 1
168 56 64 1
152 48 56 1
112 224 72 1
48 208 56 1
24 208 56 1
56 56 96 1
64 208 120 1
56 192 144 1
56 176 168 1
48 128 128 1
216 248 112 1
152 232 96 1
96 224 80 1
40 216 72 1
32 40 32 1
112 160 200 1
96 128 168 1
80 96 144 1
64 64 120 1
56 56 96 1
56 32 72 1
56 56 96 1
136 248 248 1
104 248 248 1
72 248 248 1
64 224 216 1
56 176 168 1
48 128 128 1
48 112 104 1
48 96 88 1
40 80 80 1
40 72 64 1
32 40 32 1
24 8 0 1
200 80 88 1
168 56 64 1
152 48 56 1
56 56 96 1
72 248 248 1
64 224 216 1
56 176 168 1
48 128 128 1
48 112 104 1
48 96 88 1
40 80 80 1
40 72 64 1
32 40 32 1
112 160 200 1
96 128 168 1
80 96 144 1
64 64 120 1
56 56 96 1
56 32 72 1
56 56 96 1
24 208 56 1
64 224 216 1
56 176 168 1
48 128 128 1
48 112 104 1
48 96 88 1
40 80 80 1
40 72 64 1
32 40 32 1
232 152 168 1
224 120 136 1
216 88 104 1
152 48 56 1
56 56 96 1
56 32 72 1
0 0 0 0
24 208 56 1
24 208 56 1
24 208 56 1
24 208 56 1
24 208 56 1
24 208 56 1
24 208 56 1
24 208 56 1
24 208 56 1
24 208 56 1
24 208 56 1
24 208 56 1
24 208 56 1
24 208 56 1
24 208 56 1
0 0 0 0
24 208 56 1
24 208 56 1
24 208 56 1
24 208 56 1
24 208 56 1
24 208 56 1
24 208 56 1
24 208 56 1
24 208 56 1
24 208 56 1
24 208 56 1
24 208 56 1
24 208 56 1
24 208 56 1
24 208 56 1
0 0 0 0
0 8 80 0
0 0 88 0
88 128 128 0
144 216 216 0
112 168 168 0
32 48 48 0
64 104 104 0
128 184 184 0
96 144 144 0
136 208 208 0
128 192 192 0
56 80 80 0
16 32 32 0
248 248 248 0
0 56 104 0
0 0 0 0
0 0 0 0
0 0 0 0
0 0 0 0
0 0 0 0
0 0 0 0
0 0 0 0
0 0 0 0
0 0 0 0
0 0 0 0
0 0 0 0
0 0 0 0
0 0 0 0
0 0 0 0
0 0 0 0
0 0 0 0
0 0 0 0
0 0 0 0
0 0 0 0
0 0 0 0
0 0 0 0
0 0 0 0
0 0 0 0
0 0 0 0
0 0 0 0
0 0 0 0
0 0 0 0
0 0 0 0
0 0 0 0
0 0 0 0
0 0 0 0
0 0 0 0
