RGBX 208
0 0 0 0
248 248 72 1
248 232 56 1
248 224 48 1
248 208 40 1
224 176 32 1
208 144 24 1
184 112 16 1
168 80 16 1
112 16 88 1
24 8 0 1
16 144 16 1
0 136 0 1
248 128 24 1
248 56 0 1
248 40 0 1
0 0 0 0
248 200 0 1
248 176 0 1
248 152 0 1
248 128 0 1
248 104 0 1
248 80 0 1
248 56 0 1
248 40 0 1
112 16 88 1
0 136 0 1
248 224 48 1
248 208 40 1
224 176 32 1
184 112 16 1
168 80 16 1
0 0 0 0
160 248 184 1
136 224 152 1
112 208 120 1
88 192 80 1
64 176 64 1
40 160 40 1
16 144 16 1
0 136 0 1
112 16 88 1
248 40 0 1
248 224 48 1
248 208 40 1
224 176 32 1
184 112 16 1
168 80 16 1
0 0 0 0
248 248 72 1
248 232 56 1
248 224 48 1
248 208 40 1
224 176 32 1
208 144 24 1
184 112 16 1
168 80 16 1
112 16 88 1
24 8 0 1
248 56 0 1
248 40 0 1
64 176 64 1
16 144 16 1
0 136 0 1
0 0 0 0
160 248 248 1
200 232 144 1
248 224 48 1
248 208 40 1
48 248 248 1
32 200 232 1
16 152 216 1
0 104 208 1
112 16 88 1
136 248 0 1
104 216 0 1
80 184 8 1
56 152 8 1
32 120 16 1
8 88 24 1
0 0 0 0
248 232 248 1
248 216 248 1
248 200 248 1
232 168 216 1
216 136 184 1
208 112 152 1
184 96 136 1
160 80 120 1
144 56 104 1
120 40 88 1
64 40 32 1
24 8 0 1
200 80 88 1
168 56 64 1
152 48 56 1
0 0 0 0
248 248 72 1
248 232 56 1
248 224 48 1
248 208 40 1
224 176 32 1
208 144 24 1
184 112 16 1
168 80 16 1
112 16 88 1
136 248 0 1
104 216 0 1
80 184 8 1
56 152 8 1
32 120 16 1
8 88 24 1
0 0 0 0
24 208 56 1
64 224 216 1
56 176 168 1
48 128 128 1
48 112 104 1
48 96 88 1
40 80 80 1
40 72 64 1
64 40 32 1
232 152 168 1
224 120 136 1
216 88 104 1
152 48 56 1
40 72 144 1
24 48 104 1
0 0 0 0
248 232 248 1
248 216 248 1
248 200 248 1
232 168 216 1
216 136 184 1
208 112 152 1
184 96 136 1
160 80 120 1
144 56 104 1
112 192 248 1
96 160 224 1
80 128 208 1
64 96 192 1
40 72 144 1
24 48 104 1
0 0 0 0
248 248 184 1
232 200 176 1
248 200 248 1
232 168 216 1
232 248 112 1
168 232 96 1
112 224 80 1
56 216 72 1
64 40 32 1
112 192 248 1
96 160 224 1
80 128 208 1
64 96 192 1
40 72 144 1
24 48 104 1
0 0 0 0
240 216 232 0
208 208 216 0
216 224 240 0
176 192 200 0
176 232 232 0
112 176 176 0
120 240 240 0
128 208 208 0
80 160 160 0
152 248 248 0
200 248 248 0
224 248 248 0
240 248 248 0
248 248 248 0
248 216 232 0
0 0 0 0
0 0 0 0
0 0 0 0
0 0 0 0
0 0 0 0
0 0 0 0
0 0 0 0
0 0 0 0
0 0 0 0
0 0 0 0
0 0 0 0
0 0 0 0
0 0 0 0
0 0 0 0
0 0 0 0
0 0 0 0
0 0 0 0
0 0 0 0
0 0 0 0
0 0 0 0
0 0 0 0
0 0 0 0
0 0 0 0
0 0 0 0
0 0 0 0
0 0 0 0
0 0 0 0
0 0 0 0
0 0 0 0
0 0 0 0
0 0 0 0
0 0 0 0
