RGBX 208
0 128 248 1
248 0 0 1
216 216 176 1
184 192 144 1
136 128 136 1
128 120 128 1
64 64 64 1
24 24 24 1
208 184 208 0
160 144 160 0
96 248 56 0
72 208 56 1
56 168 32 1
0 96 0 1
120 168 112 1
128 120 136 1
0 128 248 1
248 248 240 1
240 248 216 1
216 216 192 1
184 168 136 1
88 88 72 1
232 120 48 1
184 72 16 1
144 168 168 1
72 248 248 1
64 232 248 1
64 216 248 1
48 192 248 1
40 136 200 1
72 120 96 1
40 80 96 1
0 128 248 1
232 208 176 1
240 200 152 1
152 128 96 1
112 120 72 1
248 144 192 1
248 136 184 1
232 120 168 1
232 112 152 1
224 104 144 1
152 56 80 1
248 80 0 1
200 184 176 1
120 152 128 1
80 72 56 1
0 208 0 1
0 128 248 1
248 248 160 0
248 208 120 0
248 168 72 0
248 248 232 0
208 216 184 0
144 160 128 0
160 64 72 0
120 64 72 0
80 64 64 0
136 120 88 0
104 96 72 0
72 64 48 0
8 64 128 0
8 40 88 0
72 72 64 0
0 128 248 1
248 248 240 0
208 216 192 0
144 160 136 0
192 128 64 0
160 96 48 0
128 64 32 0
240 208 144 0
216 184 120 0
200 160 96 0
168 112 56 0
248 248 208 0
232 216 120 0
128 96 104 0
248 248 0 0
72 72 64 0
0 128 248 1
248 248 240 0
208 216 192 0
144 160 136 0
136 152 168 0
96 112 136 0
56 80 104 0
168 136 120 0
152 120 104 0
136 104 88 0
120 88 72 0
240 240 208 0
192 200 176 0
160 40 64 0
216 176 24 0
72 72 64 0
96 248 56 0
248 248 248 0
200 208 208 0
152 168 168 0
128 136 128 0
248 232 80 0
208 168 64 0
184 104 8 0
120 96 32 0
72 32 16 0
64 96 104 0
24 48 64 0
8 32 48 0
176 120 144 0
144 88 112 0
72 72 64 0
0 128 248 1
248 248 152 0
232 224 136 0
216 192 112 0
184 160 96 0
144 128 80 0
112 96 64 0
72 64 48 0
208 224 200 0
192 208 184 0
152 168 136 0
120 136 104 0
216 216 176 1
248 160 160 0
208 96 104 0
96 32 56 0
96 248 56 0
96 248 64 0
80 224 64 0
64 200 64 0
64 192 64 0
56 176 64 0
56 160 56 0
56 144 56 0
48 128 48 0
48 112 48 0
40 96 56 0
40 80 56 0
152 112 32 0
120 96 32 0
96 80 32 0
64 64 48 0
0 128 248 1
184 144 104 0
168 120 88 0
144 104 80 0
120 88 72 0
184 200 136 0
168 184 128 0
152 160 112 0
128 128 88 0
248 136 136 0
248 96 96 0
248 80 80 0
224 80 80 0
192 80 80 0
152 80 80 0
112 80 72 0
0 128 248 1
248 248 240 0
248 240 232 0
248 240 216 0
240 232 208 0
224 208 176 0
200 184 160 0
168 160 144 0
136 136 128 0
104 104 104 0
248 232 224 0
248 208 200 0
240 184 184 0
232 160 160 0
224 136 144 0
208 112 120 0
96 248 56 0
184 144 104 0
168 120 88 0
144 104 80 0
120 88 72 0
160 240 248 0
120 208 248 0
112 192 240 0
80 160 200 0
248 232 120 0
248 200 96 0
208 168 96 0
104 104 104 0
168 160 144 0
136 136 128 0
96 248 56 0
0 0 0 0
0 0 0 0
0 0 0 0
0 0 0 0
0 0 0 0
0 0 0 0
0 0 0 0
0 0 0 0
0 0 0 0
0 0 0 0
0 0 0 0
0 0 0 0
0 0 0 0
0 0 0 0
0 0 0 0
0 0 0 0
