RGBX 208
0 0 144 1
208 240 136 1
192 224 120 1
240 184 64 1
168 208 120 1
192 160 56 1
144 144 56 1
112 152 104 1
160 120 72 1
200 112 112 1
176 96 96 1
80 88 80 1
64 64 72 1
64 72 40 1
56 72 40 1
24 136 184 1
0 0 144 1
208 176 128 1
184 160 112 1
176 136 96 1
152 136 88 1
144 104 80 1
96 112 72 1
112 88 72 1
104 88 72 1
96 88 64 1
96 56 40 1
64 56 40 1
88 48 16 1
80 40 8 1
56 32 8 1
24 8 0 1
0 0 144 1
184 160 112 1
176 136 96 1
144 104 80 1
104 80 72 1
88 80 64 1
248 32 32 1
240 32 32 1
224 24 24 1
200 24 24 1
176 16 16 1
136 16 16 1
80 56 24 1
72 32 0 1
80 40 8 1
56 32 8 1
0 0 144 1
184 192 152 1
88 112 80 1
80 96 88 1
72 80 64 1
72 64 88 1
64 72 64 1
48 48 56 1
48 40 48 1
32 40 48 1
24 24 32 1
0 160 0 1
56 32 8 1
200 144 0 1
120 48 56 1
96 32 40 1
0 0 144 1
224 176 104 1
200 168 104 1
192 152 96 1
176 136 80 1
168 136 88 1
160 128 72 1
152 128 72 1
144 120 64 1
72 72 56 1
56 56 56 1
48 40 24 1
232 136 0 1
232 88 0 1
192 56 0 1
0 0 0 0
0 0 144 1
208 176 128 1
184 160 112 1
176 136 96 1
152 136 88 1
144 104 80 1
96 112 72 1
112 88 72 1
104 88 72 1
96 88 64 1
88 152 128 1
64 56 40 1
56 128 112 1
56 88 104 1
128 64 0 1
48 24 8 1
0 0 144 1
104 136 112 1
72 104 88 1
40 72 72 1
24 56 56 1
120 40 24 1
96 112 72 1
112 88 72 1
104 88 72 1
112 72 40 1
96 56 40 1
64 56 40 1
88 48 16 1
80 40 8 1
56 32 8 1
24 8 0 1
112 192 56 1
184 192 152 1
96 128 88 1
96 112 104 1
72 80 64 1
72 64 88 1
64 72 64 1
48 48 56 1
48 40 48 1
32 40 48 1
24 24 32 1
0 160 0 1
0 160 0 1
200 144 0 1
120 48 56 1
96 32 40 1
0 0 0 0
0 0 0 0
0 0 0 0
0 0 0 0
0 0 0 0
0 0 0 0
0 0 0 0
0 0 0 0
0 0 0 0
0 0 0 0
0 0 0 0
0 0 0 0
0 0 0 0
0 0 0 0
0 0 0 0
0 0 0 0
0 0 0 0
0 0 0 0
0 0 0 0
0 0 0 0
0 0 0 0
0 0 0 0
0 0 0 0
0 0 0 0
0 0 0 0
0 0 0 0
0 0 0 0
0 0 0 0
0 0 0 0
0 0 0 0
0 0 0 0
0 0 0 0
0 0 144 1
200 168 128 1
176 152 112 1
168 128 96 1
144 128 88 1
136 96 80 1
88 104 72 1
104 80 72 1
96 80 72 1
88 80 64 1
96 56 40 1
64 56 40 1
88 48 16 1
80 40 8 1
56 32 8 1
24 8 0 1
0 0 0 0
0 0 0 0
0 0 0 0
0 0 0 0
0 0 0 0
0 0 0 0
0 0 0 0
0 0 0 0
0 0 0 0
0 0 0 0
0 0 0 0
0 0 0 0
0 0 0 0
0 0 0 0
0 0 0 0
0 0 0 0
0 0 0 0
0 0 0 0
0 0 0 0
0 0 0 0
0 0 0 0
0 0 0 0
0 0 0 0
0 0 0 0
0 0 0 0
0 0 0 0
0 0 0 0
0 0 0 0
0 0 0 0
0 0 0 0
0 0 0 0
0 0 0 0
