RGBX 208
0 0 0 0
248 224 176 1
240 208 120 1
240 200 72 1
240 192 40 1
248 200 112 1
208 168 96 1
176 136 80 1
136 104 64 1
104 80 56 1
88 64 56 1
72 48 48 1
48 32 32 1
248 248 208 1
0 248 0 1
248 0 248 1
0 0 0 0
248 248 208 1
248 248 40 1
232 192 64 1
176 216 88 1
240 88 48 1
152 120 32 1
88 136 64 1
248 32 32 1
184 16 32 1
72 72 16 1
128 8 32 1
32 40 112 1
88 8 32 1
88 8 40 1
64 0 248 1
0 0 0 0
248 248 192 1
192 200 184 1
128 144 176 1
72 96 176 1
248 248 136 1
248 208 56 1
224 176 48 1
176 88 40 1
40 16 80 1
240 200 72 1
240 192 40 1
208 168 96 1
176 136 80 1
136 104 64 1
72 48 48 1
0 0 0 0
248 240 64 1
232 200 56 1
224 168 48 1
216 136 40 1
216 184 112 1
176 136 104 1
152 112 104 1
104 80 56 1
88 64 56 1
72 48 48 1
56 32 40 1
48 32 32 1
248 248 208 1
0 248 0 1
248 0 248 1
0 0 0 0
0 0 0 0
0 0 0 0
0 0 0 0
0 0 0 0
248 248 136 1
248 208 56 1
224 176 48 1
136 104 64 1
176 136 80 1
128 56 88 1
88 40 64 1
56 24 48 1
232 192 232 1
152 120 152 1
72 48 48 1
0 0 0 0
232 232 168 1
152 176 160 1
96 120 160 1
40 64 160 1
216 216 104 1
200 152 40 1
168 104 32 1
144 56 24 1
40 16 80 1
224 168 48 1
216 136 40 1
176 136 104 1
152 112 104 1
104 80 56 1
56 32 40 1
0 0 0 0
152 232 112 1
96 176 168 1
192 136 48 1
248 136 96 1
176 104 32 1
80 136 120 1
88 80 112 1
208 32 16 1
48 72 112 1
32 104 32 1
88 32 8 1
48 24 32 1
0 96 16 1
8 24 64 1
112 56 24 1
0 0 0 0
200 232 240 1
80 192 240 1
40 168 240 1
24 128 232 1
112 128 168 1
16 88 168 1
16 64 120 1
8 40 80 1
88 48 160 1
0 24 48 1
248 104 0 1
224 168 48 1
152 112 104 1
104 80 56 1
56 32 40 1
0 0 0 0
200 232 240 1
80 192 240 1
40 168 240 1
24 128 232 1
112 128 168 1
16 88 168 1
16 64 120 1
8 40 80 1
88 48 160 1
0 24 48 1
248 144 168 1
240 200 72 1
176 136 80 1
136 104 64 1
72 48 48 1
0 0 0 0
248 248 192 1
192 200 184 1
128 144 176 1
72 96 176 1
88 104 160 1
248 232 48 1
248 136 40 1
176 80 40 1
40 16 80 1
248 232 48 1
248 136 40 1
176 80 40 1
72 56 48 1
0 0 0 0
168 248 24 1
0 0 0 0
0 0 0 0
0 0 0 0
0 0 0 0
0 0 0 0
0 0 0 0
0 0 0 0
0 0 0 0
0 0 0 0
0 0 0 0
0 0 0 0
0 0 0 0
0 0 0 0
136 104 64 1
176 136 80 1
72 48 48 1
0 0 0 0
0 0 0 0
0 0 0 0
0 0 0 0
0 0 0 0
0 0 0 0
0 0 0 0
0 0 0 0
0 0 0 0
0 0 0 0
0 0 0 0
0 0 0 0
0 0 0 0
136 104 64 1
176 136 80 1
72 48 48 1
0 0 0 0
0 0 0 0
0 0 0 0
0 0 0 0
0 0 0 0
0 0 0 0
0 0 0 0
0 0 0 0
0 0 0 0
0 0 0 0
0 0 0 0
0 0 0 0
0 0 0 0
136 104 64 1
176 136 80 1
72 48 48 1
