RGBX 208
200 88 24 1
176 248 184 1
144 232 144 1
120 216 104 1
96 208 64 1
64 192 40 1
40 176 32 1
16 160 24 1
0 152 16 1
88 64 8 1
24 8 0 1
40 72 184 1
40 48 176 1
248 104 0 1
248 56 0 1
248 40 0 1
200 88 24 1
248 200 0 1
248 176 0 1
248 152 0 1
248 128 0 1
248 104 0 1
248 80 0 1
248 56 0 1
248 40 0 1
88 64 8 1
40 48 176 1
120 216 104 1
96 208 64 1
64 192 40 1
16 160 24 1
0 152 16 1
200 88 24 1
72 248 248 1
64 216 232 1
56 184 224 1
56 160 216 1
48 128 200 1
48 104 192 1
40 72 184 1
40 48 176 1
88 64 8 1
248 40 0 1
120 216 104 1
96 208 64 1
64 192 40 1
16 160 24 1
0 152 16 1
200 88 24 1
176 248 184 1
144 232 144 1
120 216 104 1
96 208 64 1
64 192 40 1
40 176 32 1
16 160 24 1
0 152 16 1
88 64 8 1
24 8 0 1
248 56 0 1
248 40 0 1
48 128 200 1
40 72 184 1
40 48 176 1
200 88 24 1
248 200 40 1
184 208 72 1
120 216 104 1
96 208 64 1
248 120 104 1
248 80 88 1
248 40 72 1
248 16 72 1
88 64 8 1
248 72 48 1
216 56 32 1
192 48 24 1
160 40 16 1
136 32 8 1
112 24 0 1
200 88 24 1
248 232 248 1
248 216 248 1
248 200 248 1
232 168 216 1
216 136 184 1
208 112 152 1
184 96 136 1
160 80 120 1
144 56 104 1
120 40 88 1
64 40 32 1
24 8 0 1
200 80 88 1
168 56 64 1
152 48 56 1
200 88 24 1
176 248 184 1
144 232 144 1
120 216 104 1
96 208 64 1
64 192 40 1
40 176 32 1
16 160 24 1
0 152 16 1
88 64 8 1
248 72 48 1
216 56 32 1
192 48 24 1
160 40 16 1
136 32 8 1
112 24 0 1
200 88 24 1
40 48 176 1
144 232 144 1
120 216 104 1
96 208 64 1
64 192 40 1
40 176 32 1
16 160 24 1
0 152 16 1
88 64 8 1
248 176 0 1
248 152 0 1
248 128 0 1
248 40 0 1
136 24 0 1
112 24 0 1
200 88 24 1
248 232 248 1
248 216 248 1
248 200 248 1
232 168 216 1
216 136 184 1
208 112 152 1
184 96 136 1
160 80 120 1
144 56 104 1
112 192 248 1
96 160 224 1
80 128 208 1
64 96 192 1
40 72 144 1
24 48 104 1
200 88 24 1
248 248 184 1
232 200 176 1
248 200 248 1
232 168 216 1
232 248 112 1
168 232 96 1
112 224 80 1
56 216 72 1
88 64 8 1
112 192 248 1
96 160 224 1
80 128 208 1
64 96 192 1
40 72 144 1
24 48 104 1
0 0 0 0
248 184 120 0
152 120 88 0
248 200 152 0
248 224 192 0
248 232 216 0
248 240 232 0
248 248 248 0
88 80 72 0
248 248 248 0
248 248 248 0
224 224 224 0
184 184 184 0
152 152 152 0
16 16 16 0
248 168 96 0
0 0 0 0
0 0 0 0
0 0 0 0
0 0 0 0
0 0 0 0
248 176 80 1
248 144 72 1
248 112 72 1
248 80 72 1
0 0 0 0
0 0 0 0
0 0 0 0
0 0 0 0
0 0 0 0
0 0 0 0
0 0 0 0
0 0 0 0
0 0 0 0
0 0 0 0
0 0 0 0
0 0 0 0
0 0 0 0
0 0 0 0
0 0 0 0
0 0 0 0
0 0 0 0
0 0 0 0
0 0 0 0
0 0 0 0
0 0 0 0
0 0 0 0
0 0 0 0
