RGBX 144
0 0 0 0
104 88 96 1
72 64 168 1
80 80 200 1
24 24 72 1
32 48 56 1
56 88 88 1
184 176 128 1
248 192 104 1
176 128 80 1
104 56 40 1
56 24 24 1
144 56 56 1
192 80 80 1
240 104 104 1
160 80 120 1
0 0 0 0
144 224 216 0
136 208 208 0
120 192 192 0
96 160 168 0
88 144 152 0
72 120 136 0
64 104 112 0
48 80 96 0
208 248 240 0
184 240 216 0
152 232 192 0
112 208 160 0
16 24 128 0
16 24 128 0
16 24 128 0
0 0 0 0
248 144 128 0
240 128 112 0
224 112 88 0
208 96 72 0
184 80 56 0
160 56 40 0
136 40 24 0
104 16 8 0
208 216 216 0
184 192 192 0
168 176 168 0
152 160 144 0
136 144 128 0
112 120 104 0
88 96 80 0
0 0 0 0
248 216 176 0
248 184 152 0
248 152 128 0
232 120 104 0
216 96 88 0
184 80 72 0
160 56 56 0
128 40 40 0
232 232 224 0
208 216 208 0
192 200 192 0
176 184 176 0
160 168 160 0
128 136 128 0
96 104 96 0
0 0 0 0
248 240 208 0
248 216 184 0
248 192 160 0
240 160 136 0
224 136 120 0
200 112 96 0
168 80 80 0
144 56 56 0
248 248 248 0
232 240 232 0
216 224 216 0
200 208 200 0
184 192 176 0
152 160 144 0
112 120 104 0
0 0 0 0
80 216 208 0
72 184 208 0
64 152 200 0
56 128 184 0
56 112 160 0
48 88 144 0
40 72 120 0
32 56 96 0
208 216 216 0
184 192 192 0
168 176 168 0
152 160 144 0
136 144 128 0
112 120 104 0
88 96 80 0
0 0 0 0
80 232 216 0
80 216 216 0
72 192 208 0
64 168 192 0
56 152 184 0
48 128 168 0
40 104 144 0
32 72 120 0
232 232 224 0
208 216 208 0
192 200 192 0
176 184 176 0
160 168 160 0
128 136 128 0
96 104 96 0
0 0 0 0
184 248 224 0
160 232 224 0
136 208 216 0
112 184 208 0
96 160 200 0
72 136 184 0
48 112 176 0
32 80 152 0
248 248 248 0
232 240 232 0
216 224 216 0
200 208 200 0
184 192 176 0
152 160 144 0
112 120 104 0
0 0 0 0
152 248 72 0
144 248 64 0
128 240 56 0
112 232 56 0
104 232 48 0
96 208 48 0
88 192 40 0
80 168 40 0
248 248 80 0
248 240 72 0
240 232 64 0
232 216 56 0
224 200 48 0
216 184 40 0
200 168 40 0
