RGBX 208
32 96 208 1
208 224 248 1
184 208 232 1
160 200 216 1
136 192 200 1
112 176 192 1
88 168 176 1
64 160 160 1
40 152 152 1
64 72 48 1
24 8 0 1
200 112 16 1
200 96 0 1
216 144 152 1
200 112 104 1
192 96 88 1
48 80 216 1
248 224 248 1
240 200 224 1
232 184 200 1
224 168 176 1
216 144 152 1
208 128 128 1
200 112 104 1
192 96 88 1
64 72 48 1
200 96 0 1
160 200 216 1
112 176 192 1
88 168 176 1
64 160 160 1
40 152 152 1
48 80 216 1
248 248 152 1
240 224 128 1
232 200 104 1
224 176 80 1
216 160 64 1
208 136 40 1
200 112 16 1
200 96 0 1
64 72 48 1
192 96 88 1
160 200 216 1
112 176 192 1
88 168 176 1
64 160 160 1
40 152 152 1
48 80 216 1
208 224 248 1
184 208 232 1
160 200 216 1
136 192 200 1
112 176 192 1
88 168 176 1
64 160 160 1
40 152 152 1
64 72 48 1
24 8 0 1
200 112 104 1
192 96 88 1
216 160 64 1
200 112 16 1
200 96 0 1
48 80 216 1
248 248 200 1
200 224 208 1
160 200 216 1
136 192 200 1
192 248 144 1
128 224 104 1
64 208 64 1
0 192 32 1
32 40 32 1
248 160 136 1
224 136 104 1
200 112 72 1
176 88 40 1
152 64 16 1
136 32 0 1
48 80 216 1
136 248 248 1
104 248 248 1
72 248 248 1
64 224 216 1
56 176 168 1
48 128 128 1
48 112 104 1
48 96 88 1
40 80 80 1
40 72 64 1
32 40 32 1
128 56 48 1
200 80 88 1
168 56 64 1
152 48 56 1
48 80 216 1
208 224 248 1
184 208 232 1
160 200 216 1
136 192 200 1
112 176 192 1
88 168 176 1
64 160 160 1
40 152 152 1
64 72 48 1
248 160 136 1
224 136 104 1
200 112 72 1
176 88 40 1
152 64 16 1
136 32 0 1
48 80 216 1
24 208 56 1
64 224 216 1
56 176 168 1
48 128 128 1
48 112 104 1
48 96 88 1
40 80 80 1
40 72 64 1
128 56 48 1
248 72 80 1
224 64 64 1
200 64 48 1
176 64 32 1
152 64 16 1
136 64 0 1
0 0 0 0
0 0 0 0
0 0 0 0
0 0 0 0
0 0 0 0
0 0 0 0
0 0 0 0
0 0 0 0
0 0 0 0
0 0 0 0
0 0 0 0
0 0 0 0
0 0 0 0
0 0 0 0
0 0 0 0
0 0 0 0
0 0 0 0
0 0 0 0
0 0 0 0
0 0 0 0
0 0 0 0
0 0 0 0
0 0 0 0
0 0 0 0
0 0 0 0
0 0 0 0
0 0 0 0
0 0 0 0
0 0 0 0
0 0 0 0
0 0 0 0
0 0 0 0
0 0 0 0
32 96 208 1
40 104 208 0
48 112 208 0
64 128 216 0
72 136 216 0
80 152 216 0
96 160 224 0
104 176 224 0
120 184 232 0
128 200 232 0
136 208 232 0
152 224 240 0
160 232 240 0
176 248 248 0
32 96 208 1
0 0 0 0
0 0 0 0
0 0 0 0
0 0 0 0
0 0 0 0
0 0 0 0
0 0 0 0
0 0 0 0
0 0 0 0
0 0 0 0
0 0 0 0
0 0 0 0
0 0 0 0
0 0 0 0
0 0 0 0
0 0 0 0
0 0 0 0
0 0 0 0
0 0 0 0
0 0 0 0
0 0 0 0
0 0 0 0
0 0 0 0
0 0 0 0
0 0 0 0
0 0 0 0
0 0 0 0
0 0 0 0
0 0 0 0
0 0 0 0
0 0 0 0
0 0 0 0
