RGBX 208
0 0 0 0
248 248 128 1
232 160 72 1
216 128 72 1
200 104 80 1
184 72 88 1
168 48 104 1
80 48 40 1
72 216 248 1
56 88 224 1
40 72 176 1
56 40 80 1
224 8 0 1
216 8 0 1
216 8 0 1
208 8 0 1
0 0 0 0
248 224 168 1
248 184 120 1
248 144 72 1
248 112 32 1
80 48 40 1
248 80 24 1
200 72 24 1
248 48 24 1
200 40 24 1
160 40 24 1
136 48 24 1
80 48 40 1
56 88 224 1
184 72 88 1
56 40 80 1
0 0 0 0
200 104 224 1
120 88 232 1
88 88 224 1
104 64 216 1
56 88 224 1
64 64 200 1
56 56 144 1
96 16 40 1
56 40 80 1
24 16 40 1
0 0 0 0
248 112 32 1
248 184 120 1
248 48 24 1
160 40 24 1
0 0 0 0
248 248 128 1
232 160 72 1
216 128 72 1
200 104 80 1
184 72 88 1
168 48 104 1
80 48 40 1
72 216 248 1
56 88 224 1
40 72 176 1
56 40 80 1
0 208 40 1
0 200 40 1
0 208 40 1
0 200 40 1
0 0 0 0
248 248 128 1
232 160 72 1
216 128 72 1
200 104 80 1
184 72 88 1
168 48 104 1
80 48 40 1
72 216 248 1
56 88 224 1
40 72 176 1
56 40 80 1
248 96 0 1
248 96 0 1
248 96 0 1
248 96 0 1
0 0 0 0
248 120 32 1
248 88 32 1
232 64 24 1
216 40 16 1
192 80 32 1
152 56 24 1
128 64 24 1
104 48 16 1
80 40 16 1
56 24 8 1
0 0 0 0
248 184 120 1
56 88 224 1
184 72 88 1
56 40 80 1
0 0 0 0
248 224 168 1
248 184 120 1
248 144 72 1
248 112 32 1
80 48 40 1
248 80 24 1
200 72 24 1
248 48 24 1
200 40 24 1
160 40 24 1
136 48 24 1
80 48 40 1
200 104 80 1
184 72 88 1
168 48 104 1
0 0 0 0
248 248 224 1
248 248 152 1
248 248 88 1
232 224 8 1
216 184 0 1
216 112 0 1
192 56 0 1
104 40 64 1
80 40 0 1
48 16 80 1
0 0 0 0
248 112 32 1
248 184 120 1
248 48 24 1
160 40 24 1
0 0 0 0
248 224 168 1
248 184 120 1
248 144 72 1
248 112 32 1
80 48 40 1
248 80 24 1
200 72 24 1
248 48 24 1
200 40 24 1
160 40 24 1
136 48 24 1
80 48 40 1
216 184 0 1
184 72 88 1
56 40 80 1
0 0 0 0
248 248 224 1
248 248 152 1
248 248 88 1
232 224 8 1
216 184 0 1
216 112 0 1
176 88 24 1
136 72 48 1
104 56 72 1
88 48 72 1
72 40 72 1
56 32 72 1
56 32 72 1
32 16 32 1
0 0 0 0
0 0 0 0
200 208 80 1
200 152 40 1
200 136 0 1
192 120 0 1
160 96 0 1
152 64 0 1
88 48 0 1
200 64 48 1
80 80 120 1
88 64 96 1
104 40 64 1
96 40 64 1
80 48 64 1
248 184 120 1
160 40 24 1
0 0 0 0
168 184 144 0
120 160 0 0
96 176 24 0
96 136 0 0
80 144 0 0
72 96 0 0
24 32 0 0
96 72 0 0
64 40 0 0
56 32 0 0
40 16 0 0
32 8 0 0
24 0 0 0
16 8 0 0
0 0 0 0
0 0 0 0
0 0 0 0
0 0 0 0
0 0 0 0
0 0 0 0
0 0 0 0
0 0 0 0
0 0 0 0
0 0 0 0
0 0 0 0
0 0 0 0
0 0 0 0
0 0 0 0
0 0 0 0
0 0 0 0
0 0 0 0
