RGBX 96
0 0 0 0
248 248 168 0
48 56 56 0
0 0 0 0
0 0 0 0
0 0 0 0
0 0 0 0
0 0 0 0
0 0 0 0
0 0 0 0
0 0 0 0
0 0 0 0
0 0 0 0
0 0 0 0
0 0 0 0
0 0 0 0
0 0 0 0
240 248 248 1
64 64 64 0
0 0 0 0
0 0 0 0
0 0 0 0
0 0 0 0
0 0 0 0
0 0 0 0
0 0 0 0
0 0 0 0
0 0 0 0
0 0 0 0
0 0 0 0
0 0 0 0
0 0 0 0
0 0 0 0
120 120 120 0
48 48 48 0
0 0 0 0
0 0 0 0
0 0 0 0
0 0 0 0
0 0 0 0
0 0 0 0
0 0 0 0
0 0 0 0
0 0 0 0
0 0 0 0
0 0 0 0
0 0 0 0
0 0 0 0
0 0 0 1
232 232 232 0
136 136 136 0
80 80 80 0
0 0 0 1
0 0 0 1
0 0 0 1
0 0 0 1
0 0 0 1
0 0 0 1
0 0 0 1
0 0 0 1
0 0 0 1
0 0 0 1
0 0 0 1
0 0 0 1
0 0 0 0
248 240 200 0
240 120 16 0
168 248 128 0
80 232 32 1
56 192 24 0
32 152 16 1
32 112 16 0
32 88 16 1
80 64 80 0
240 120 16 0
240 120 16 0
240 120 16 0
240 120 16 0
240 120 16 0
240 120 16 0
0 0 0 0
248 248 16 0
176 144 56 0
112 80 48 0
208 176 56 0
160 120 48 0
232 208 0 0
248 248 176 0
0 0 0 0
0 0 0 0
0 0 0 0
0 0 0 0
0 0 0 0
0 0 0 0
240 248 240 0
64 48 48 0
