RGBX 256
8 32 40 1
168 8 16 0
144 0 8 0
168 0 16 0
160 120 128 0
104 0 16 0
120 64 72 0
184 0 24 0
200 0 32 0
200 16 40 0
64 8 16 0
224 0 40 0
216 0 32 0
216 24 56 0
240 32 72 0
152 16 40 0
232 96 128 0
224 64 104 0
248 136 160 0
128 24 56 0
48 48 48 0
72 16 48 0
120 32 88 0
128 112 120 0
88 32 88 0
24 16 24 0
96 96 96 0
88 56 96 0
104 48 120 0
24 8 32 0
96 80 112 0
8 0 16 0
88 24 168 0
48 8 104 0
152 144 168 0
64 56 88 0
32 0 104 0
56 32 104 0
40 24 64 0
48 40 72 0
32 16 88 0
104 80 176 0
96 80 152 0
168 160 176 0
192 184 200 0
48 32 112 0
56 40 120 0
64 48 128 0
80 72 120 0
120 112 160 0
136 128 176 0
32 16 112 0
16 8 64 0
72 56 136 0
80 72 144 0
104 96 128 0
16 8 88 0
8 0 48 0
32 24 104 0
24 16 72 0
152 144 200 0
24 16 96 0
24 16 80 0
32 24 112 0
48 40 136 0
56 56 112 0
48 40 144 0
40 32 120 0
40 32 104 0
56 48 152 0
64 56 160 0
72 64 168 0
80 72 168 0
32 24 128 0
80 72 192 0
96 88 224 0
80 72 184 0
96 88 208 0
112 104 240 0
40 32 128 0
56 48 160 0
72 64 176 0
88 80 200 0
104 96 216 0
112 104 232 0
120 112 208 0
0 0 72 0
8 0 80 0
88 88 208 0
104 104 224 0
88 80 184 0
104 104 184 0
8 8 128 0
8 8 32 0
0 0 8 0
72 72 192 0
88 88 224 0
80 80 200 0
96 96 224 0
104 104 240 0
112 112 240 0
136 136 232 0
32 32 32 0
8 8 8 0
8 8 192 0
24 24 104 0
56 56 168 0
48 48 144 0
0 16 248 0
32 40 160 0
88 96 216 0
104 112 248 0
16 48 192 0
8 72 240 0
8 120 248 0
16 192 248 0
120 168 192 0
0 8 8 0
72 240 248 0
144 248 248 0
0 8 0 0
16 16 8 0
200 216 0 0
184 200 0 0
152 168 8 0
216 232 0 0
200 208 40 0
24 24 0 0
112 112 8 0
176 176 0 0
216 216 24 0
8 8 0 0
240 232 0 0
216 216 0 0
200 192 0 0
136 136 16 0
200 200 24 0
240 232 40 0
168 168 40 0
232 232 64 0
128 120 40 0
192 192 72 0
232 232 104 0
208 200 8 0
88 88 8 0
72 64 24 0
144 144 64 0
184 176 96 0
200 184 48 0
240 240 216 0
216 192 0 0
48 48 16 0
240 232 160 0
240 208 0 0
208 176 0 0
168 144 0 0
240 208 64 0
144 144 104 0
96 88 48 0
120 104 72 0
144 112 16 0
208 168 24 0
208 200 168 0
240 176 0 0
200 144 0 0
248 184 32 0
224 152 0 0
248 152 0 0
176 104 0 0
232 128 0 0
224 136 24 0
192 120 24 0
208 144 48 0
192 144 72 0
240 192 128 0
152 152 144 0
248 152 32 0
248 160 56 0
248 176 88 0
32 24 16 0
192 168 144 0
232 120 0 0
248 128 0 0
200 112 0 0
144 80 16 0
136 96 48 0
184 144 104 0
168 152 136 0
16 8 0 0
168 112 48 0
240 120 0 0
168 80 8 0
128 64 8 0
224 96 0 0
240 96 0 0
232 112 24 0
248 120 32 0
88 48 16 0
152 112 88 0
216 96 16 0
224 112 48 0
208 72 0 0
240 96 24 0
232 72 0 0
176 48 0 0
192 80 40 0
136 128 128 0
224 48 0 0
120 48 32 0
208 40 0 0
200 56 32 0
216 32 0 0
200 16 0 0
184 24 8 0
176 24 8 0
168 24 24 0
152 64 56 0
184 8 8 0
8 0 0 0
96 88 88 0
64 64 64 0
112 104 104 0
80 80 80 0
0 0 0 1
8 32 40 1
16 80 16 1
200 96 112 1
112 96 104 1
40 16 32 1
56 64 72 1
8 104 16 1
40 152 40 1
160 192 64 1
96 80 16 1
200 184 160 1
240 224 0 1
184 184 0 1
128 144 8 1
72 104 8 1
16 72 16 1
0 0 0 1
0 0 0 1
0 0 0 1
0 0 0 1
0 0 0 1
0 0 0 1
0 0 0 1
0 0 0 1
0 0 0 1
0 0 0 1
0 0 0 1
0 0 0 1
0 0 0 1
0 0 0 1
0 0 0 1
0 0 0 1
