RGBX 208
0 0 144 1
0 0 0 0
0 0 0 0
0 0 0 0
0 0 0 0
0 0 0 0
0 0 0 0
248 248 200 1
248 232 152 1
248 216 104 1
248 200 64 1
248 176 64 1
248 152 64 1
248 128 64 1
144 80 32 1
48 40 0 1
0 0 144 1
248 248 248 1
240 240 224 1
240 240 200 1
240 240 184 1
248 232 160 1
176 152 112 1
64 56 40 1
240 240 120 1
240 240 104 1
216 248 104 1
160 248 80 1
104 248 72 1
88 240 80 1
72 200 72 1
80 232 224 1
0 0 144 1
40 80 24 1
0 64 0 1
0 32 8 1
240 240 184 1
248 232 160 1
176 152 112 1
64 56 40 1
240 240 120 1
240 240 104 1
216 248 104 1
160 248 80 1
104 248 72 1
88 240 80 1
72 200 72 1
80 232 224 1
0 0 144 1
248 248 248 1
232 240 248 1
208 240 240 1
184 240 240 1
168 240 240 1
104 184 144 1
240 224 224 1
208 200 192 1
200 168 176 1
176 136 144 1
248 104 160 1
192 88 128 1
136 80 104 1
104 72 80 1
72 56 64 1
0 0 144 1
248 248 232 1
248 248 224 1
248 240 216 1
232 248 176 1
232 224 200 1
216 232 160 1
232 224 176 1
208 208 160 1
192 192 152 1
136 176 112 1
160 160 136 1
128 144 112 1
104 112 88 1
136 80 80 1
48 72 64 1
0 0 144 1
248 248 248 1
248 248 224 1
224 240 232 1
200 248 248 1
232 232 192 1
168 248 232 1
208 216 176 1
184 216 192 1
152 192 160 1
104 168 152 1
160 136 120 1
56 96 80 1
184 32 56 1
80 64 72 1
24 56 40 1
0 0 144 1
72 112 48 1
248 208 168 1
240 200 152 1
232 192 152 1
248 176 144 1
248 168 136 1
216 168 136 1
248 144 112 1
224 120 96 1
200 96 72 1
144 64 48 1
104 72 56 1
80 48 32 1
64 32 24 1
40 24 16 1
0 0 144 1
248 248 248 1
200 240 192 1
224 224 184 1
192 224 168 1
176 216 160 1
160 208 160 1
144 200 152 1
216 168 200 1
144 184 144 1
120 176 144 1
216 88 64 1
88 120 112 1
56 88 96 1
32 64 80 1
88 184 216 1
0 0 0 0
0 0 0 0
0 0 0 0
0 0 0 0
0 0 0 0
0 0 0 0
0 0 0 0
0 0 0 0
0 0 0 0
0 0 0 0
0 0 0 0
0 0 0 0
0 0 0 0
0 0 0 0
0 0 0 0
0 0 0 0
0 0 0 0
0 0 0 0
0 0 0 0
0 0 0 0
0 0 0 0
0 0 0 0
0 0 0 0
0 0 0 0
0 0 0 0
0 0 0 0
0 0 0 0
0 0 0 0
0 0 0 0
0 0 0 0
0 0 0 0
0 0 0 0
0 0 0 0
0 0 0 0
0 0 0 0
0 0 0 0
0 0 0 0
0 0 0 0
0 0 0 0
0 0 0 0
0 0 0 0
0 0 0 0
0 0 0 0
0 0 0 0
0 0 0 0
0 0 0 0
0 0 0 0
0 0 0 0
0 0 0 0
0 0 0 0
0 0 0 0
0 0 0 0
0 0 0 0
0 0 0 0
0 0 0 0
0 0 0 0
0 0 0 0
0 0 0 0
0 0 0 0
0 0 0 0
0 0 0 0
0 0 0 0
0 0 0 0
0 0 0 0
0 0 0 0
0 0 0 0
0 0 0 0
0 0 0 0
0 0 0 0
0 0 0 0
0 0 0 0
0 0 0 0
0 0 0 0
0 0 0 0
0 0 0 0
0 0 0 0
0 0 0 0
0 0 0 0
0 0 0 0
0 0 0 0
