RGBX 256
0 8 16 1
0 16 32 1
0 16 32 1
24 8 16 1
0 24 32 1
8 24 24 1
0 16 72 1
8 24 24 1
24 24 24 1
8 24 40 1
8 32 32 1
0 24 80 1
8 32 56 1
8 32 40 1
24 32 24 1
80 16 8 1
8 40 64 1
8 40 56 1
8 32 104 1
32 32 32 1
40 32 24 1
16 40 56 1
8 40 64 1
0 56 72 1
16 40 56 1
24 56 24 1
40 32 32 1
16 56 64 1
24 56 56 1
64 32 24 1
0 64 80 1
40 40 40 1
8 64 64 1
8 56 128 1
128 16 8 1
32 64 24 1
32 64 64 1
0 72 88 1
56 56 40 1
32 64 80 1
40 64 56 1
72 56 32 1
0 80 112 1
16 80 72 1
104 40 16 1
64 64 56 1
32 72 72 1
8 80 112 1
168 24 16 1
80 64 32 1
8 88 112 1
24 64 144 1
56 72 64 1
16 88 104 1
136 40 8 1
80 64 56 1
72 72 64 1
32 80 80 1
88 64 32 1
16 104 72 1
8 104 128 1
56 80 88 1
88 72 64 1
16 104 112 1
128 64 16 1
72 80 72 1
184 32 16 1
104 72 32 1
56 104 56 1
8 112 144 1
64 88 88 1
104 80 64 1
16 120 88 1
80 80 80 1
160 64 0 1
104 88 24 1
104 80 64 1
216 32 16 1
72 104 80 1
120 80 40 1
40 112 88 1
8 120 144 1
88 88 80 1
144 80 24 1
72 120 32 1
8 136 104 1
72 104 112 1
16 136 104 1
8 128 168 1
72 120 56 1
136 88 40 1
112 104 72 1
24 128 136 1
16 136 112 1
104 104 88 1
16 144 88 1
184 80 0 1
24 136 120 1
120 112 16 1
16 136 176 1
72 120 112 1
88 112 112 1
136 104 40 1
80 128 56 1
24 144 128 1
168 88 24 1
24 144 136 1
16 160 104 1
208 80 0 1
128 112 80 1
40 144 112 1
8 144 192 1
24 144 144 1
120 112 104 1
144 112 40 1
88 136 24 1
184 88 16 1
24 160 128 1
112 120 120 1
32 144 160 1
16 168 112 1
128 128 24 1
72 136 120 1
8 184 80 1
104 144 32 1
16 160 208 1
112 128 104 1
40 144 160 1
128 120 104 1
112 128 128 1
160 120 40 1
136 136 16 1
16 176 104 1
8 192 80 1
216 104 8 1
24 168 168 1
16 168 184 1
104 160 32 1
32 176 120 1
8 208 64 1
104 136 128 1
144 128 72 1
168 128 40 1
64 160 160 1
144 136 24 1
144 128 104 1
136 128 128 1
232 112 8 1
168 128 64 1
0 216 56 1
112 168 32 1
128 136 104 1
176 128 56 1
160 136 88 1
224 120 24 1
120 144 144 1
0 232 32 1
168 144 32 1
88 168 160 1
144 136 128 1
168 136 72 1
40 192 144 1
168 136 104 1
0 240 24 1
176 144 40 1
120 176 40 1
136 144 144 1
168 144 112 1
0 248 8 1
144 144 136 1
128 168 104 1
176 144 88 1
112 176 168 1
184 160 32 1
0 248 0 1
128 184 40 1
168 160 128 1
0 248 0 1
184 160 88 1
168 168 144 1
144 168 168 1
56 216 144 1
184 160 136 1
128 184 168 1
136 208 40 1
176 168 136 1
192 168 112 1
168 176 144 1
208 176 32 1
144 216 40 1
168 176 176 1
192 168 136 1
184 176 128 1
184 176 168 1
168 208 88 1
184 176 168 1
216 176 128 1
184 184 168 1
136 208 192 1
192 184 136 1
160 224 40 1
176 184 192 1
184 184 168 1
192 192 144 1
184 216 72 1
168 232 32 1
208 192 144 1
224 184 136 1
192 192 192 1
208 208 160 1
192 208 176 1
176 240 32 1
240 216 40 1
240 192 136 1
184 232 88 1
208 208 168 1
192 208 208 1
208 216 176 1
184 248 32 1
248 208 136 1
216 224 184 1
216 216 216 1
248 216 136 1
192 248 40 1
216 224 184 1
208 240 144 1
224 232 192 1
248 216 144 1
224 232 224 1
208 248 32 1
248 224 144 1
208 248 32 1
224 232 208 1
232 240 232 1
216 248 88 1
232 248 176 1
248 248 240 1
248 248 192 1
248 248 248 1
248 248 248 1
0 0 0 0
0 0 0 0
0 0 0 0
0 0 0 0
0 0 0 0
0 0 0 0
0 0 0 0
0 0 0 0
0 0 0 0
0 0 0 0
0 0 0 0
0 0 0 0
0 0 0 0
0 0 0 0
0 0 0 0
0 0 0 0
