RGBX 144
32 216 72 1
248 160 192 0
232 152 184 0
224 144 176 0
200 128 168 0
232 152 200 0
160 112 152 0
216 144 200 0
192 136 208 0
144 104 208 0
88 56 120 0
8 8 64 0
32 24 200 0
72 72 248 0
96 96 248 0
248 168 192 0
0 0 0 0
248 248 248 0
240 240 240 0
224 232 224 0
208 216 208 0
184 192 184 0
160 160 160 0
128 128 136 0
96 96 104 0
104 128 120 0
88 112 96 0
72 88 80 0
48 56 56 0
32 32 40 0
224 176 48 0
32 32 40 0
0 0 0 0
136 136 144 0
120 120 120 0
104 104 104 0
88 88 88 0
72 72 80 0
64 64 64 0
48 48 56 0
32 32 40 0
232 144 160 0
224 120 136 0
208 96 112 0
192 72 88 0
176 56 64 0
144 32 40 0
112 0 16 0
0 0 0 0
208 216 208 0
176 176 176 0
160 160 160 0
136 136 144 0
120 120 120 0
104 104 104 0
80 80 88 0
64 64 72 0
248 192 208 0
240 160 176 0
232 128 152 0
216 88 120 0
200 64 96 0
176 48 80 0
144 24 56 0
0 0 0 0
248 248 248 0
240 240 240 0
224 232 224 0
208 216 208 0
184 192 184 0
160 160 160 0
128 128 136 0
88 88 96 0
248 232 248 0
248 200 216 0
240 168 184 0
232 136 160 0
216 104 128 0
192 80 104 0
160 48 72 0
0 0 0 0
136 136 144 0
120 120 120 0
104 104 104 0
88 88 88 0
72 72 80 0
64 64 64 0
48 48 56 0
32 32 40 0
64 184 248 0
56 152 240 0
48 120 224 0
32 88 208 0
32 72 184 0
24 48 152 0
16 24 104 0
0 0 0 0
208 216 208 0
176 176 176 0
160 160 160 0
136 136 144 0
120 120 120 0
104 104 104 0
80 80 88 0
64 64 72 0
64 224 248 0
64 192 248 0
56 160 248 0
48 136 232 0
40 112 224 0
32 88 192 0
16 56 144 0
0 0 0 0
248 248 248 0
240 240 240 0
224 232 224 0
208 216 208 0
184 192 184 0
160 160 160 0
128 128 136 0
96 96 104 0
176 248 248 0
136 232 248 0
104 208 248 0
72 176 248 0
48 136 248 0
32 104 216 0
16 64 176 0
0 0 0 0
248 248 80 0
248 240 72 0
240 232 64 0
232 216 56 0
224 200 48 0
216 184 40 0
200 168 40 0
184 144 32 0
160 248 128 0
128 232 120 0
88 208 104 0
72 192 80 0
48 176 64 0
40 160 48 0
32 144 40 0
