RGBX 208
0 0 0 0
232 232 232 1
248 104 0 1
176 232 224 1
152 208 200 1
136 200 176 1
112 176 136 1
88 144 88 1
40 88 144 1
0 104 160 1
128 248 0 1
64 192 0 1
0 144 0 1
232 72 24 1
112 56 40 1
0 48 56 1
0 0 0 0
240 240 240 1
248 104 0 1
208 240 232 1
176 232 224 1
152 208 200 1
136 200 176 1
112 176 136 1
56 120 176 1
72 136 208 1
48 104 160 1
128 248 0 1
0 144 0 1
232 72 24 1
112 56 40 1
0 48 56 1
0 0 0 0
208 208 208 1
160 160 216 1
232 232 232 1
176 232 224 1
136 200 176 1
112 176 136 1
88 144 88 1
40 88 144 1
56 72 96 1
248 88 168 1
248 248 0 1
240 232 0 1
232 224 0 1
224 216 0 1
224 208 0 1
0 0 0 0
232 232 232 1
40 216 248 1
176 232 224 1
152 208 200 1
136 200 176 1
112 176 136 1
88 144 88 1
40 88 144 1
248 240 136 1
176 176 168 1
200 168 112 1
224 168 56 1
248 168 0 1
144 128 72 1
16 56 120 1
0 0 0 0
240 240 240 1
88 248 248 1
208 240 232 1
176 232 224 1
152 208 200 1
136 200 176 1
112 176 136 1
56 120 176 1
248 240 136 1
176 176 168 1
200 168 112 1
224 168 56 1
248 168 0 1
144 128 72 1
16 56 120 1
0 0 0 0
248 248 248 1
208 40 240 1
240 248 248 1
208 240 232 1
176 232 224 1
152 208 200 1
136 200 176 1
72 176 208 1
32 168 160 1
72 136 208 1
0 0 0 0
0 0 0 0
0 0 0 0
0 0 0 0
0 0 0 0
0 0 0 0
240 248 80 1
216 200 88 1
200 176 120 1
184 144 152 1
168 120 184 1
136 80 184 1
104 48 184 1
208 224 208 1
184 200 184 1
168 184 168 1
144 160 144 1
128 144 128 1
104 120 104 1
88 104 88 1
72 88 72 1
0 0 248 0
248 240 208 0
208 184 152 0
176 192 80 0
168 152 72 0
248 240 168 0
232 232 120 0
176 176 48 0
152 128 72 0
168 144 32 0
160 136 32 0
240 176 80 0
152 104 56 0
240 168 120 0
248 176 136 0
248 168 128 0
0 0 0 0
208 208 208 1
160 160 216 1
208 240 232 1
208 240 232 1
152 208 200 1
136 200 176 1
112 176 136 1
56 120 176 1
80 144 80 1
248 88 168 1
248 248 0 1
240 232 0 1
232 224 0 1
224 216 0 1
224 208 0 1
0 0 0 0
208 208 208 1
160 160 216 1
248 248 248 1
240 248 248 1
176 232 224 1
152 208 200 1
136 200 176 1
72 176 208 1
32 168 160 1
248 88 168 1
248 248 0 1
240 232 0 1
232 224 0 1
224 216 0 1
224 208 0 1
0 0 0 0
136 112 112 1
112 96 104 1
96 88 104 1
72 80 96 1
56 72 96 1
112 112 128 1
232 232 232 1
176 232 224 1
152 208 200 1
136 200 176 1
112 176 136 1
88 144 88 1
0 0 0 0
0 0 0 0
0 0 0 0
0 0 0 0
208 120 16 1
184 112 24 1
160 104 40 1
128 88 48 1
104 80 64 1
80 72 72 1
48 56 88 1
24 48 96 1
0 40 112 1
248 88 168 1
0 0 0 0
0 40 112 1
0 40 112 1
0 40 112 1
0 40 112 1
0 0 0 0
0 0 0 0
0 0 0 0
0 0 0 0
0 0 0 0
0 0 0 0
0 0 0 0
0 0 0 0
0 0 0 0
0 0 0 0
0 0 0 0
0 0 0 0
0 0 0 0
0 0 0 0
0 0 0 0
0 0 0 0
