RGBX 208
0 0 0 0
0 104 16 0
0 80 24 0
0 64 32 0
8 48 40 0
240 8 8 1
240 8 8 1
240 8 8 1
240 8 8 1
240 8 8 1
240 8 8 1
240 8 8 1
240 8 8 1
240 8 8 1
240 8 8 1
240 8 8 1
0 0 0 0
240 248 224 0
192 192 208 0
168 176 192 0
136 144 160 0
104 112 120 0
56 64 80 0
40 48 56 0
32 32 40 0
224 176 48 0
176 128 8 0
144 88 0 0
112 56 0 0
128 104 80 0
56 48 40 0
40 32 24 0
0 0 0 0
240 240 240 0
240 248 224 0
240 240 200 0
232 208 152 0
152 208 248 0
128 152 240 0
104 128 232 0
88 104 248 0
72 88 200 0
64 72 160 0
56 56 120 0
48 48 80 0
104 112 120 0
88 80 96 0
40 24 32 0
0 0 0 0
240 240 200 0
208 208 168 0
176 176 128 0
152 144 96 0
152 208 248 0
128 120 72 0
104 128 232 0
88 104 248 0
72 88 200 0
64 72 160 0
56 56 120 0
48 48 80 0
104 112 120 0
88 80 96 0
16 24 32 0
0 0 0 0
240 248 224 0
192 192 208 0
168 176 192 0
136 144 160 0
104 112 120 0
56 64 80 0
40 48 56 0
32 32 24 0
240 248 224 0
240 240 200 0
152 208 248 0
128 152 240 0
104 128 232 0
88 104 248 0
56 56 120 0
0 0 0 0
240 248 216 0
248 176 0 0
168 184 208 0
112 128 160 0
88 104 136 0
48 64 96 0
24 32 40 0
192 192 208 0
168 176 192 0
152 160 176 0
136 144 160 0
104 112 120 0
120 152 184 0
72 80 104 0
32 40 56 0
0 0 0 0
248 248 24 0
248 176 0 0
168 184 208 0
112 128 160 0
88 104 136 0
48 64 96 0
24 32 40 0
240 248 224 0
248 248 208 0
192 192 208 0
168 176 192 0
152 160 176 0
136 144 160 0
104 112 120 0
40 48 56 0
0 0 0 0
240 248 216 0
232 232 168 0
216 216 136 0
104 120 112 0
64 64 56 0
72 80 96 0
72 80 96 0
32 40 56 0
240 248 240 0
192 192 208 0
168 176 192 0
152 160 176 0
136 144 160 0
104 112 120 0
40 48 56 0
0 0 0 0
240 248 216 0
232 232 168 0
216 216 136 0
112 128 160 0
88 104 136 0
48 64 96 0
40 40 64 0
56 88 104 0
72 80 96 0
32 40 56 0
24 24 32 0
232 240 192 0
168 176 192 0
136 144 160 0
104 112 120 0
0 0 0 0
240 248 216 0
232 240 200 0
232 240 184 0
224 232 168 0
224 232 160 0
224 224 152 0
216 224 144 0
216 216 136 0
112 128 160 0
88 104 136 0
48 64 96 0
56 88 104 0
72 80 96 0
32 40 56 0
24 24 32 0
0 0 0 0
248 248 24 0
248 176 0 0
168 184 208 0
112 128 160 0
88 104 136 0
48 64 96 0
24 32 40 0
240 248 216 0
232 232 168 0
216 216 136 0
72 80 96 0
40 40 64 0
120 152 184 0
72 80 104 0
32 40 56 0
0 0 0 0
216 240 232 0
168 184 208 0
112 120 152 0
88 104 136 0
72 80 112 0
48 64 96 0
40 40 64 0
24 32 40 0
240 248 216 0
240 240 176 0
216 200 120 0
224 176 48 0
224 8 48 0
64 176 48 0
176 48 224 0
0 0 0 0
216 240 232 0
168 184 208 0
112 120 152 0
88 104 136 0
72 80 112 0
48 64 96 0
40 40 64 0
24 32 40 0
8 248 248 0
24 32 40 0
24 32 40 0
24 32 40 0
24 32 40 0
16 80 88 0
16 160 168 0
