RGBX 144
0 24 72 1
88 88 88 1
160 160 160 1
248 248 248 1
168 200 200 1
88 128 128 1
56 80 80 1
32 40 40 1
16 24 32 1
8 16 24 1
0 0 16 1
0 0 8 1
0 16 40 1
0 248 0 1
0 248 0 1
0 0 0 0
0 0 0 0
248 248 168 0
248 232 152 0
248 216 136 0
224 192 104 0
200 168 80 0
176 136 56 0
152 104 32 0
128 80 16 0
136 144 80 0
104 120 64 0
88 96 56 0
72 72 48 0
48 48 32 0
224 176 48 0
32 32 40 0
0 0 0 0
152 128 56 0
144 120 48 0
136 112 40 0
120 96 32 0
104 80 32 0
88 64 24 0
72 48 16 0
48 24 8 0
200 32 24 0
184 24 24 0
160 24 24 0
144 16 0 0
104 8 0 0
192 192 192 0
128 144 136 0
0 0 0 0
208 184 104 0
200 168 88 0
192 160 80 0
176 136 64 0
160 128 48 0
144 112 40 0
120 88 32 0
104 64 24 0
248 96 88 0
248 64 64 0
224 40 8 0
200 16 0 0
160 0 0 0
216 216 216 0
152 168 160 0
0 0 0 0
248 248 168 0
248 232 152 0
248 216 136 0
224 192 104 0
200 168 80 0
176 136 56 0
152 104 32 0
128 80 16 0
248 152 128 0
248 136 120 0
248 112 96 0
232 80 72 0
216 48 40 0
248 248 248 0
176 192 184 0
0 0 0 0
152 128 56 0
144 120 48 0
136 112 40 0
120 96 32 0
104 80 32 0
88 64 24 0
72 48 16 0
48 24 8 0
40 80 224 0
32 64 192 0
32 56 160 0
24 40 128 0
16 24 88 0
192 192 192 0
128 144 136 0
0 0 0 0
208 184 104 0
200 168 88 0
192 160 80 0
176 136 64 0
160 128 48 0
144 112 40 0
120 88 32 0
104 64 24 0
48 120 248 0
40 96 224 0
40 80 192 0
32 56 168 0
24 32 136 0
216 216 216 0
152 168 160 0
0 0 0 0
248 248 168 0
248 232 152 0
248 216 136 0
224 192 104 0
200 168 80 0
176 136 56 0
152 104 32 0
128 80 16 0
72 184 248 0
64 152 240 0
56 120 232 0
48 88 224 0
40 56 216 0
248 248 248 0
176 192 184 0
0 0 0 0
248 96 248 0
224 80 232 0
200 64 216 0
168 56 184 0
136 48 160 0
112 40 128 0
80 32 104 0
48 24 72 0
88 248 112 0
72 224 96 0
56 200 72 0
48 176 56 0
32 144 40 0
248 248 48 0
248 192 64 0
