RGBX 208
72 64 104 1
248 248 232 1
224 224 224 1
200 192 184 1
136 120 96 1
248 248 152 1
232 208 120 1
104 88 56 1
144 88 0 1
112 72 0 1
80 48 0 1
48 16 0 1
56 96 8 1
232 136 184 1
160 88 152 1
56 216 192 1
72 64 104 1
232 224 200 1
248 232 112 1
216 176 88 1
184 128 64 1
96 64 32 1
112 72 24 1
96 48 0 1
80 48 0 1
96 96 120 1
56 56 72 1
32 32 48 1
32 16 0 1
0 248 248 1
48 168 72 1
72 80 104 1
72 64 104 1
192 224 224 1
176 200 184 1
184 160 168 1
120 144 160 1
80 88 104 1
192 112 144 1
48 184 56 1
112 72 32 1
136 72 0 1
120 56 0 1
104 48 0 1
88 40 0 1
72 40 0 1
0 240 0 1
0 240 0 1
72 64 104 1
248 208 72 1
216 112 0 1
184 192 224 1
96 152 184 1
56 72 80 1
0 72 192 1
224 192 120 1
112 72 32 1
224 64 24 1
168 8 8 1
104 48 0 1
88 40 0 1
48 152 72 1
0 240 0 1
0 240 0 1
72 64 104 1
208 224 208 1
200 224 136 1
192 200 192 1
168 192 208 1
192 176 144 1
160 144 104 1
112 144 184 1
120 128 136 1
104 96 72 1
64 64 64 1
40 40 40 1
16 16 16 1
88 120 168 1
216 56 96 1
40 248 48 1
72 64 104 1
248 248 248 1
224 224 224 1
184 192 184 1
176 160 160 1
112 128 176 1
104 104 120 1
96 80 56 1
56 64 64 1
48 48 48 1
0 88 32 1
232 200 120 1
248 168 64 1
232 80 40 1
192 0 184 1
192 0 184 1
72 64 104 1
224 64 128 1
240 232 208 1
192 184 176 1
80 136 216 1
0 248 0 1
0 248 0 1
0 248 0 1
0 248 0 1
0 248 0 1
112 104 72 1
88 72 40 1
88 64 40 1
72 56 40 1
48 56 40 1
56 56 48 1
72 64 104 1
240 120 24 1
240 240 240 1
192 192 192 1
128 128 104 1
144 72 8 1
240 208 8 1
192 128 40 1
48 48 48 1
0 144 232 1
0 64 184 1
144 240 152 1
144 216 152 1
208 88 184 1
0 200 120 1
248 232 112 1
0 0 0 0
0 0 0 0
0 0 0 0
0 0 0 0
0 0 0 0
0 0 0 0
0 0 0 0
0 0 0 0
0 0 0 0
0 0 0 0
0 0 0 0
0 0 0 0
0 0 0 0
0 0 0 0
0 0 0 0
0 0 0 0
0 0 0 0
240 120 24 1
232 112 0 1
224 112 0 1
200 104 8 1
144 72 8 1
0 0 0 0
0 0 0 0
0 0 0 0
0 0 0 0
0 0 0 0
0 0 0 0
0 0 0 0
0 0 0 0
0 0 0 0
0 0 0 0
0 0 0 0
0 0 0 0
0 0 0 0
0 0 0 0
0 0 0 0
0 0 0 0
0 0 0 0
0 0 0 0
0 0 0 0
0 0 0 0
0 0 0 0
0 0 0 0
0 0 0 0
0 0 0 0
0 0 0 0
0 0 0 0
0 0 0 0
0 0 0 0
0 0 0 0
0 0 0 0
0 0 0 0
0 0 0 0
0 0 0 0
0 0 0 0
0 0 0 0
0 0 0 0
0 0 0 0
0 0 0 0
0 0 0 0
0 0 0 0
0 0 0 0
0 0 0 0
0 0 0 0
0 0 0 0
0 0 0 0
0 0 0 0
0 0 0 0
0 0 0 0
0 0 0 0
0 0 0 0
0 0 0 0
0 0 0 0
0 0 0 0
0 0 0 0
0 0 0 0
0 0 0 0
0 0 0 0
0 0 0 0
