RGBX 208
0 0 0 0
64 232 232 1
64 232 232 1
40 160 224 1
16 88 216 1
0 0 200 1
128 32 8 1
64 0 0 1
96 16 0 1
64 0 0 1
40 0 0 1
168 248 152 1
128 128 112 1
96 96 80 1
64 64 48 1
0 224 0 1
0 0 0 0
136 248 248 1
136 248 248 1
64 232 232 1
40 160 224 1
16 88 216 1
152 56 8 1
96 16 0 1
120 40 0 1
96 16 0 1
64 0 0 1
168 248 152 1
152 168 128 1
128 128 112 1
96 96 80 1
248 184 0 1
0 0 0 0
40 160 224 1
40 160 224 1
16 88 216 1
0 0 176 1
0 0 144 1
128 32 8 1
64 0 0 1
96 16 0 1
64 0 0 1
40 0 0 1
168 248 152 1
152 168 128 1
32 160 136 1
48 48 32 1
64 176 0 1
0 0 0 0
232 232 232 1
128 232 248 1
96 152 216 1
64 72 184 1
32 0 160 1
8 0 128 1
96 136 216 1
112 160 232 1
120 112 192 1
176 48 112 1
80 56 80 1
232 248 192 1
232 240 128 1
232 232 72 1
232 232 16 1
0 0 0 0
64 232 232 1
64 232 232 1
40 160 224 1
16 88 216 1
0 0 200 1
128 32 8 1
64 0 0 1
96 16 0 1
64 0 0 1
40 0 0 1
232 232 232 1
128 232 248 1
96 152 216 1
32 0 160 1
0 0 0 0
0 0 0 0
152 200 248 1
176 248 240 1
144 216 208 1
120 192 176 1
96 168 144 1
72 144 112 1
64 104 96 1
64 72 80 1
240 248 176 1
240 176 128 1
248 144 112 1
160 136 128 1
96 128 224 1
48 64 200 1
0 0 176 1
0 0 0 0
40 160 224 1
40 160 224 1
16 88 216 1
0 0 176 1
0 0 144 1
240 144 40 1
240 144 40 1
216 40 24 1
184 24 8 1
176 0 0 1
232 232 232 1
128 232 248 1
96 152 216 1
32 0 160 1
0 0 0 0
0 0 0 0
232 232 232 1
128 232 248 1
96 152 216 1
64 72 184 1
32 0 160 1
8 0 128 1
0 0 0 0
0 0 0 0
0 0 0 0
0 0 0 0
168 248 152 1
128 128 112 1
96 96 80 1
64 64 48 1
0 224 0 1
0 0 0 0
232 248 88 1
192 208 112 1
160 176 144 1
128 144 168 1
96 112 200 1
72 96 160 1
48 88 128 0
24 80 96 0
8 72 64 1
112 96 112 0
96 48 56 0
80 0 0 0
0 0 0 0
0 0 0 0
0 0 0 0
0 0 0 0
72 0 8 1
32 0 0 1
176 0 24 1
120 0 72 1
8 0 16 1
64 0 112 1
16 0 48 1
24 0 144 1
232 216 0 1
144 120 0 1
64 48 0 1
40 32 32 1
32 16 0 1
224 112 0 1
232 16 0 1
0 0 0 0
0 0 0 0
0 0 0 0
0 0 0 0
0 0 0 0
0 0 0 0
0 0 0 0
0 0 0 0
0 0 0 0
0 0 0 0
0 0 0 0
0 0 0 0
0 0 0 0
0 0 0 0
0 0 0 0
0 0 0 0
0 0 0 0
0 0 0 0
0 0 0 0
0 0 0 0
0 0 0 0
0 0 0 0
0 0 0 0
0 0 0 0
0 0 0 0
0 0 0 0
0 0 0 0
0 0 0 0
0 0 0 0
0 0 0 0
0 0 0 0
0 0 0 0
0 0 0 0
0 0 0 0
0 0 0 0
0 0 0 0
0 0 0 0
0 0 0 0
0 0 0 0
0 0 0 0
0 0 0 0
0 0 0 0
0 0 0 0
0 0 0 0
0 0 0 0
0 0 0 0
0 0 0 0
0 0 0 0
