RGBX 208
0 0 144 1
248 248 200 1
216 224 184 1
200 216 176 1
192 168 144 1
136 176 120 1
224 208 184 1
224 192 176 1
224 184 176 1
224 176 168 1
224 168 160 1
224 160 152 1
216 144 136 1
216 136 120 1
208 120 104 1
208 112 96 1
0 0 144 1
248 248 248 1
248 248 200 1
240 248 192 1
208 232 208 1
200 216 176 1
192 216 184 1
192 208 168 1
152 144 112 1
200 144 144 1
152 152 120 1
192 168 144 1
136 176 120 1
136 176 120 1
88 128 128 1
72 168 64 1
0 0 144 1
200 248 88 1
216 208 128 1
40 232 64 1
72 128 128 1
24 200 0 1
0 152 16 1
136 168 248 1
88 136 232 1
40 104 216 1
0 80 208 1
56 56 240 1
240 152 0 1
208 104 0 1
152 80 56 1
104 72 104 1
0 0 144 1
184 248 248 1
248 64 0 1
200 216 176 1
136 216 224 1
216 192 144 1
200 168 128 1
248 144 112 1
104 184 224 1
160 136 128 1
128 136 160 1
80 136 176 1
136 112 112 1
72 112 144 1
80 96 112 1
64 72 80 1
0 0 144 1
240 248 160 1
216 240 168 1
208 232 176 1
216 224 144 1
216 208 112 1
176 216 160 1
216 168 104 1
184 184 120 1
144 184 120 1
136 168 112 1
152 152 112 1
176 128 88 1
224 88 56 1
80 104 80 1
56 64 48 1
0 0 144 1
16 248 160 1
8 208 152 1
8 176 152 1
0 136 152 1
0 104 152 1
0 72 152 1
248 216 160 1
144 128 88 1
240 208 176 1
168 176 160 1
120 120 104 1
0 0 0 0
48 112 200 1
232 104 0 1
200 64 0 1
0 0 144 1
248 248 240 1
248 248 224 1
248 248 208 1
248 248 192 1
248 232 168 1
224 224 152 1
200 184 136 1
184 200 160 1
176 96 144 1
80 232 160 1
80 176 152 1
88 128 120 1
64 104 96 1
48 96 88 1
24 80 56 1
0 0 144 1
248 136 32 1
216 208 128 1
248 112 32 1
80 144 232 1
224 48 0 1
176 16 0 1
248 248 200 1
248 232 136 1
248 216 80 1
248 208 24 1
192 112 0 1
40 152 248 1
32 120 208 1
24 88 168 1
16 64 128 1
0 0 144 1
240 232 192 1
216 208 128 1
216 208 128 1
72 128 128 1
176 160 88 1
192 152 128 1
248 192 72 1
232 160 96 1
216 128 120 1
200 96 144 1
128 64 112 1
40 120 152 1
40 96 136 1
40 96 128 1
64 104 104 1
0 0 144 1
200 248 120 1
128 248 64 1
72 224 8 1
192 176 144 1
152 136 112 1
192 112 80 1
80 160 48 1
160 104 72 1
120 96 80 1
160 72 40 1
136 72 56 1
120 80 56 1
104 88 56 1
120 72 40 1
72 56 40 1
0 0 144 1
248 248 40 1
240 56 144 1
192 248 248 1
88 232 152 1
64 240 136 1
96 168 120 1
104 136 96 1
80 128 120 1
0 136 224 1
0 96 168 1
0 96 160 1
0 72 144 1
0 56 104 1
0 32 72 1
248 0 0 1
0 0 0 0
0 0 0 0
0 0 0 0
0 0 0 0
0 0 0 0
0 0 0 0
0 0 0 0
0 0 0 0
0 0 0 0
0 0 0 0
0 0 0 0
0 0 0 0
0 0 0 0
0 0 0 0
0 0 0 0
0 0 0 0
0 0 0 0
0 0 0 0
0 0 0 0
0 0 0 0
0 0 0 0
0 0 0 0
0 0 0 0
0 0 0 0
0 0 0 0
0 0 0 0
0 0 0 0
0 0 0 0
0 0 0 0
0 0 0 0
0 0 0 0
0 0 0 0
