RGBX 208
56 168 96 1
192 248 248 1
176 208 208 1
168 176 176 1
144 152 152 1
128 128 128 1
112 120 120 1
96 104 104 1
80 88 88 1
72 72 80 1
24 8 0 1
48 208 56 1
24 208 56 1
24 176 200 1
8 160 184 1
0 152 176 1
56 168 96 1
136 248 248 1
96 224 232 1
64 208 224 1
32 192 216 1
24 176 200 1
16 168 192 1
8 160 184 1
0 152 176 1
72 72 80 1
24 208 56 1
168 176 176 1
128 128 128 1
112 120 120 1
96 104 104 1
80 88 88 1
56 168 96 1
248 248 96 1
208 240 88 1
176 232 80 1
144 224 72 1
112 224 72 1
80 216 64 1
48 208 56 1
24 208 56 1
72 72 80 1
0 152 176 1
168 176 176 1
128 128 128 1
112 120 120 1
96 104 104 1
80 88 88 1
56 168 96 1
192 248 248 1
176 208 208 1
168 176 176 1
144 152 152 1
128 128 128 1
112 120 120 1
96 104 104 1
80 88 88 1
72 72 80 1
24 8 0 1
8 160 184 1
0 152 176 1
112 224 72 1
48 208 56 1
24 208 56 1
56 168 96 1
192 248 168 1
176 208 168 1
168 176 176 1
144 152 152 1
216 176 216 1
200 144 224 1
184 112 232 1
168 80 248 1
32 40 32 1
112 200 200 1
96 160 200 1
80 128 200 1
64 96 176 1
48 64 152 1
40 40 136 1
56 168 96 1
136 248 248 1
104 248 248 1
72 248 248 1
64 224 216 1
56 176 168 1
48 128 128 1
48 112 104 1
48 96 88 1
40 80 80 1
40 72 64 1
32 40 32 1
24 8 0 1
200 80 88 1
168 56 64 1
152 48 56 1
56 168 96 1
192 248 248 1
176 208 208 1
168 176 176 1
144 152 152 1
128 128 128 1
112 120 120 1
96 104 104 1
80 88 88 1
72 72 80 1
112 200 200 1
96 160 200 1
80 128 200 1
64 96 176 1
48 64 152 1
40 40 136 1
56 168 96 1
24 208 56 1
64 224 216 1
56 176 168 1
48 128 128 1
48 112 104 1
48 96 88 1
40 80 80 1
40 72 64 1
32 40 32 1
232 152 168 1
224 120 136 1
216 88 104 1
152 48 56 1
56 56 96 1
56 32 72 1
56 168 96 1
192 248 248 1
176 208 208 1
168 176 176 1
144 152 152 1
128 128 128 1
112 120 120 1
96 104 104 1
80 88 88 1
72 72 80 1
24 8 0 1
48 208 56 1
24 208 56 1
24 176 200 1
8 160 184 1
0 152 176 1
56 168 96 1
248 160 120 1
248 160 120 1
224 144 112 1
184 152 128 1
160 152 152 1
184 136 112 1
168 136 120 1
144 120 104 1
104 120 112 1
160 96 80 1
120 80 72 1
112 80 88 1
104 72 80 1
96 56 64 1
64 24 40 1
0 0 0 0
248 0 0 0
248 8 8 0
248 24 24 0
240 40 40 0
240 56 56 0
240 72 72 0
240 88 96 0
232 104 112 0
232 120 128 0
232 136 144 0
224 152 168 0
224 168 184 0
224 184 200 0
224 200 224 0
248 0 0 0
0 0 0 0
0 0 0 0
0 0 0 0
0 0 0 0
0 0 0 0
0 0 0 0
0 0 0 0
0 0 0 0
0 0 0 0
0 0 0 0
0 0 0 0
0 0 0 0
0 0 0 0
0 0 0 0
0 0 0 0
0 0 0 0
0 0 0 0
0 0 0 0
0 0 0 0
0 0 0 0
0 0 0 0
0 0 0 0
0 0 0 0
0 0 0 0
0 0 0 0
0 0 0 0
0 0 0 0
0 0 0 0
0 0 0 0
0 0 0 0
0 0 0 0
0 0 0 0
