RGBX 208
0 0 0 0
0 104 16 0
0 80 24 0
0 64 32 0
8 48 40 0
240 8 8 1
240 8 8 1
240 8 8 1
240 8 8 1
240 8 8 1
240 8 8 1
240 8 8 1
240 8 8 1
240 8 8 1
240 8 8 1
240 8 8 1
0 0 0 0
240 248 224 0
192 192 208 0
168 176 192 0
136 144 160 0
104 112 120 0
56 64 80 0
40 48 56 0
32 32 40 0
224 176 48 0
176 128 8 0
144 88 0 0
112 56 0 0
128 104 80 0
56 48 40 0
40 32 24 0
0 0 0 0
240 248 216 0
208 208 136 0
184 184 112 0
104 120 112 0
64 64 56 0
120 152 184 0
72 80 96 0
32 40 56 0
240 248 240 0
192 192 208 0
168 176 192 0
152 160 176 0
136 144 160 0
104 112 120 0
40 48 56 0
0 0 0 0
240 248 216 0
232 240 192 0
224 232 160 0
104 120 112 0
64 64 56 0
120 152 184 0
72 80 96 0
32 40 56 0
240 248 240 0
192 192 208 0
168 176 192 0
152 160 176 0
136 144 160 0
104 112 120 0
40 48 56 0
0 0 0 0
240 248 224 0
192 192 208 0
168 176 192 0
136 144 160 0
104 112 120 0
56 64 80 0
40 48 56 0
32 32 24 0
240 248 224 0
240 240 200 0
216 128 112 0
208 72 64 0
208 48 72 0
208 32 64 0
112 8 32 0
0 0 0 0
240 248 216 0
0 144 160 0
168 184 208 0
112 128 160 0
88 104 136 0
48 64 96 0
24 32 40 0
192 192 208 0
168 176 192 0
152 160 176 0
136 144 160 0
104 112 120 0
120 152 184 0
72 80 104 0
32 40 56 0
0 0 0 0
0 248 248 0
0 144 160 0
168 184 208 0
112 128 160 0
88 104 136 0
48 64 96 0
24 32 40 0
240 248 224 0
248 248 208 0
192 192 208 0
168 176 192 0
152 160 176 0
136 144 160 0
104 112 120 0
40 48 56 0
0 0 0 0
240 248 216 0
232 232 168 0
216 216 136 0
104 120 112 0
64 64 56 0
72 80 96 0
72 80 96 0
32 40 56 0
240 248 240 0
192 192 208 0
168 176 192 0
152 160 176 0
136 144 160 0
104 112 120 0
40 48 56 0
0 0 0 0
240 248 216 0
232 232 168 0
216 216 136 0
112 128 160 0
88 104 136 0
48 64 96 0
40 40 64 0
56 88 104 0
72 80 96 0
32 40 56 0
24 24 32 0
232 240 192 0
168 176 192 0
136 144 160 0
104 112 120 0
0 0 0 0
240 248 216 0
232 240 200 0
232 240 184 0
224 232 168 0
224 232 160 0
224 224 152 0
216 224 144 0
216 216 136 0
112 128 160 0
88 104 136 0
48 64 96 0
56 88 104 0
72 80 96 0
32 40 56 0
24 24 32 0
0 0 0 0
0 248 248 0
0 144 160 0
168 184 208 0
112 128 160 0
88 104 136 0
48 64 96 0
24 32 40 0
240 248 216 0
232 232 168 0
216 216 136 0
72 80 96 0
40 40 64 0
120 152 184 0
72 80 104 0
32 40 56 0
0 0 0 0
240 248 200 0
232 240 192 0
224 232 176 0
224 232 160 0
216 224 152 0
208 208 136 0
192 200 128 0
184 184 112 0
112 128 160 0
88 104 136 0
48 64 96 0
56 88 104 0
72 80 96 0
32 40 56 0
24 24 32 0
0 0 0 0
232 240 192 0
224 232 176 0
224 232 160 0
216 224 152 0
208 216 144 0
200 200 128 0
192 192 120 0
184 184 112 0
112 128 160 0
88 104 136 0
48 64 96 0
56 88 104 0
72 80 96 0
32 40 56 0
24 24 32 0
