RGBX 208
40 0 128 0
232 216 136 1
208 208 120 1
184 200 104 1
168 192 88 1
144 184 80 1
128 176 64 1
104 168 48 1
88 168 40 1
64 72 48 1
24 8 0 1
200 112 16 1
200 96 0 1
176 144 208 1
144 112 184 1
136 96 176 1
40 0 128 0
248 224 248 1
224 200 232 1
208 184 224 1
192 168 216 1
176 144 208 1
160 128 192 1
144 112 184 1
136 96 176 1
64 72 48 1
200 96 0 1
184 200 104 1
144 184 80 1
128 176 64 1
104 168 48 1
88 168 40 1
40 0 128 0
248 248 152 1
240 224 128 1
232 200 104 1
224 176 80 1
216 160 64 1
208 136 40 1
200 112 16 1
200 96 0 1
64 72 48 1
136 96 176 1
184 200 104 1
144 184 80 1
128 176 64 1
104 168 48 1
88 168 40 1
40 0 128 0
232 216 136 1
208 208 120 1
184 200 104 1
168 192 88 1
144 184 80 1
128 176 64 1
104 168 48 1
88 168 40 1
64 72 48 1
24 8 0 1
144 112 184 1
136 96 176 1
216 160 64 1
200 112 16 1
200 96 0 1
40 0 128 0
208 248 248 1
200 224 176 1
184 200 104 1
168 192 88 1
168 240 248 1
112 216 248 1
56 192 248 1
0 176 248 1
32 40 32 1
248 160 136 1
224 136 104 1
200 112 72 1
176 88 40 1
152 64 16 1
136 32 0 1
0 40 0 1
136 248 248 1
104 248 248 1
72 248 248 1
64 224 216 1
56 176 168 1
48 128 128 1
48 112 104 1
48 96 88 1
40 80 80 1
40 72 64 1
32 40 32 1
128 56 48 1
200 80 88 1
168 56 64 1
152 48 56 1
0 40 0 1
232 216 136 1
208 208 120 1
184 200 104 1
168 192 88 1
144 184 80 1
128 176 64 1
104 168 48 1
88 168 40 1
64 72 48 1
248 160 136 1
224 136 104 1
200 112 72 1
176 88 40 1
152 64 16 1
136 32 0 1
0 40 0 1
24 208 56 1
64 224 216 1
56 176 168 1
48 128 128 1
48 112 104 1
48 96 88 1
40 80 80 1
40 72 64 1
128 56 48 1
248 72 80 1
224 64 64 1
200 64 48 1
176 64 32 1
152 64 16 1
136 64 0 1
0 0 0 0
0 0 0 0
0 0 0 0
0 0 0 0
0 0 0 0
0 0 0 0
0 0 0 0
0 0 0 0
0 0 0 0
0 0 0 0
0 0 0 0
0 0 0 0
0 0 0 0
0 0 0 0
0 0 0 0
0 0 0 0
0 0 0 0
0 0 0 0
0 0 0 0
0 0 0 0
0 0 0 0
0 0 0 0
0 0 0 0
0 0 0 0
0 0 0 0
0 0 0 0
0 0 0 0
0 0 0 0
0 0 0 0
0 0 0 0
0 0 0 0
0 0 0 0
0 0 0 0
40 0 128 0
40 0 120 0
48 0 120 0
48 8 120 0
56 8 120 0
64 8 112 0
64 16 112 0
72 16 112 0
72 24 112 0
80 24 112 0
88 24 104 0
88 32 104 0
96 32 104 0
104 40 104 0
40 0 128 0
0 0 0 0
0 0 0 0
0 0 0 0
0 0 0 0
0 0 0 0
0 0 0 0
0 0 0 0
0 0 0 0
0 0 0 0
0 0 0 0
0 0 0 0
0 0 0 0
0 0 0 0
0 0 0 0
0 0 0 0
0 0 0 0
0 0 0 0
0 0 0 0
0 0 0 0
0 0 0 0
0 0 0 0
0 0 0 0
0 0 0 0
0 0 0 0
0 0 0 0
0 0 0 0
0 0 0 0
0 0 0 0
0 0 0 0
0 0 0 0
0 0 0 0
0 0 0 0
