RGBX 208
0 0 248 0
200 248 152 1
176 240 136 1
160 240 120 1
136 240 104 1
120 232 96 1
88 224 72 1
56 216 56 1
16 200 32 1
0 144 40 1
24 8 0 1
128 184 168 1
112 184 160 1
200 160 136 1
232 112 88 1
248 96 64 1
0 80 248 1
136 248 248 1
152 224 216 1
168 200 192 1
184 176 168 1
200 160 136 1
216 136 112 1
232 112 88 1
248 96 64 1
0 144 40 1
24 208 56 1
160 240 120 1
120 232 96 1
88 224 72 1
56 216 56 1
16 200 32 1
0 80 248 1
248 216 248 1
224 208 232 1
208 200 216 1
184 200 208 1
168 192 192 1
144 192 184 1
128 184 168 1
112 184 160 1
0 144 40 1
248 96 64 1
160 240 120 1
120 232 96 1
88 224 72 1
56 216 56 1
16 200 32 1
0 80 248 1
200 248 152 1
176 240 136 1
160 240 120 1
136 240 104 1
120 232 96 1
88 224 72 1
56 216 56 1
16 200 32 1
0 144 40 1
24 8 0 1
232 112 88 1
248 96 64 1
168 192 192 1
128 184 168 1
112 184 160 1
0 80 248 1
248 192 248 1
200 216 184 1
160 240 120 1
136 240 104 1
168 240 200 1
112 216 216 1
56 192 232 1
8 176 248 1
0 128 40 1
248 200 96 1
232 176 72 1
216 136 56 1
200 104 40 1
192 64 32 1
176 32 16 1
0 80 248 1
136 248 248 1
104 248 248 1
72 248 248 1
64 224 216 1
56 176 168 1
48 128 128 1
48 112 104 1
48 96 88 1
40 80 80 1
56 216 56 1
24 208 40 1
0 176 40 1
200 80 88 1
168 56 64 1
152 48 56 1
0 80 248 1
200 248 152 1
176 240 136 1
160 240 120 1
136 240 104 1
120 232 96 1
88 224 72 1
56 216 56 1
16 200 32 1
0 144 40 1
248 200 96 1
232 176 72 1
216 136 56 1
200 104 40 1
192 64 32 1
176 32 16 1
0 80 248 1
24 208 56 1
64 224 216 1
56 176 168 1
48 128 128 1
48 112 104 1
48 96 88 1
40 80 80 1
40 72 64 1
32 40 32 1
232 152 168 1
224 120 136 1
216 88 104 1
152 48 56 1
56 56 96 1
56 32 72 1
0 0 0 0
0 0 0 0
0 0 0 0
0 0 0 0
0 0 0 0
0 0 0 0
0 0 0 0
0 0 0 0
0 0 0 0
0 0 0 0
0 0 0 0
0 0 0 0
0 0 0 0
0 0 0 0
0 0 0 0
0 0 0 0
0 0 0 0
0 0 0 0
0 0 0 0
0 0 0 0
0 0 0 0
0 0 0 0
0 0 0 0
0 0 0 0
0 0 0 0
0 0 0 0
0 0 0 0
0 0 0 0
0 0 0 0
0 0 0 0
0 0 0 0
0 0 0 0
0 0 0 0
88 88 248 0
80 80 200 0
144 144 248 0
216 216 248 0
224 224 248 0
192 192 200 0
240 240 248 0
160 160 160 0
248 248 248 0
216 216 216 0
248 248 248 0
248 248 248 0
240 240 240 0
232 232 232 0
0 0 248 0
0 0 0 0
0 0 0 0
0 0 0 0
0 0 0 0
0 0 0 0
0 0 0 0
0 0 0 0
0 0 0 0
0 0 0 0
0 0 0 0
0 0 0 0
0 0 0 0
0 0 0 0
0 0 0 0
0 0 0 0
0 0 0 0
0 0 0 0
0 0 0 0
0 0 0 0
0 0 0 0
0 0 0 0
0 0 0 0
0 0 0 0
0 0 0 0
0 0 0 0
0 0 0 0
0 0 0 0
0 0 0 0
0 0 0 0
0 0 0 0
0 0 0 0
0 0 0 0
