RGBX 144
0 0 0 0
72 0 8 1
32 0 0 1
176 0 24 1
120 0 72 1
8 0 16 1
64 0 112 1
16 0 48 1
24 0 144 1
232 216 0 1
144 120 0 1
64 48 0 1
40 32 32 1
32 16 0 1
224 112 0 1
232 16 0 1
0 0 0 0
248 248 248 0
240 240 240 0
224 232 224 0
208 216 208 0
184 192 184 0
160 160 160 0
128 128 136 0
96 96 104 0
104 128 120 0
88 112 96 0
72 88 80 0
48 56 56 0
32 32 40 0
224 176 48 0
32 32 40 0
0 0 0 0
200 32 24 0
184 24 24 0
160 24 16 0
144 24 16 0
120 16 8 0
96 16 0 0
72 24 8 0
48 24 8 0
232 128 152 0
224 104 136 0
208 80 96 0
200 64 72 0
184 40 56 0
160 32 32 0
144 8 16 0
0 0 0 0
248 96 88 0
232 80 64 0
216 64 48 0
208 48 40 0
192 32 24 0
168 24 16 0
144 8 8 0
120 0 0 0
248 160 176 0
240 136 160 0
224 112 136 0
216 88 112 0
200 64 96 0
176 48 72 0
160 24 56 0
0 0 0 0
248 152 128 0
248 136 120 0
240 112 104 0
224 96 88 0
208 72 64 0
192 56 48 0
176 32 24 0
144 16 8 0
248 216 232 0
240 192 200 0
240 160 176 0
232 136 144 0
224 112 112 0
208 80 88 0
200 56 56 0
0 0 0 0
40 80 224 0
32 64 192 0
32 56 160 0
24 48 136 0
24 40 120 0
16 32 104 0
16 16 80 0
8 8 64 0
56 152 248 0
48 128 248 0
40 112 232 0
32 88 208 0
32 72 184 0
24 48 152 0
16 24 128 0
0 0 0 0
48 120 248 0
40 96 224 0
40 80 192 0
32 64 176 0
24 56 160 0
24 40 144 0
16 32 120 0
8 16 104 0
64 224 248 0
64 192 248 0
56 160 248 0
48 136 232 0
40 112 224 0
24 80 208 0
16 56 192 0
0 0 0 0
72 184 248 0
64 152 240 0
56 120 232 0
48 104 224 0
40 88 216 0
32 64 192 0
16 48 168 0
8 24 136 0
128 248 248 0
104 224 248 0
88 208 248 0
72 176 248 0
48 136 248 0
32 104 248 0
16 72 248 0
0 0 0 0
248 248 80 0
248 240 72 0
240 232 64 0
232 216 56 0
224 200 48 0
216 184 40 0
200 168 40 0
184 144 32 0
88 248 112 0
72 224 96 0
64 200 80 0
56 184 72 0
48 176 64 0
40 160 48 0
32 144 40 0
