RGBX 208
0 8 48 1
232 248 232 1
248 248 144 1
216 200 128 1
184 160 120 1
152 112 112 1
136 88 88 1
128 64 64 1
48 136 8 1
32 88 8 1
24 48 8 1
192 240 208 1
88 128 96 1
72 120 88 1
48 72 48 1
88 192 48 1
24 40 40 1
96 152 136 1
80 136 120 1
72 120 104 1
64 104 88 1
56 88 80 1
48 72 64 1
48 56 56 1
48 248 248 1
96 200 56 1
48 136 8 1
48 104 40 1
32 88 8 1
24 64 8 1
24 48 8 1
136 88 88 1
24 40 40 1
96 152 136 1
80 136 120 1
72 120 104 1
64 104 88 1
192 224 232 1
128 224 224 1
96 216 216 1
56 208 200 1
96 200 56 1
48 136 8 1
48 104 40 1
32 88 8 1
32 160 136 1
24 72 88 1
24 48 8 1
24 40 40 1
96 152 136 1
80 136 120 1
72 120 104 1
64 104 88 1
56 88 80 1
48 72 64 1
48 56 56 1
224 224 224 1
200 216 224 1
160 216 216 1
112 200 224 1
96 160 184 1
80 128 152 1
24 48 8 1
72 88 112 1
0 0 0 0
216 232 248 1
168 232 224 1
96 120 112 1
72 112 88 1
160 216 240 1
208 224 240 1
184 224 240 1
128 192 200 1
80 160 152 1
32 128 104 1
176 208 160 1
120 192 144 1
40 80 80 1
160 72 40 1
88 72 40 1
24 40 40 1
128 200 184 1
112 168 152 1
96 144 128 1
88 120 112 1
72 104 96 1
64 80 80 1
56 64 64 1
48 248 248 1
104 224 72 1
96 200 56 1
64 152 32 1
48 120 24 1
32 80 16 1
32 64 16 1
48 248 248 1
24 40 40 1
128 200 184 1
112 168 152 1
96 144 128 1
88 120 112 1
232 248 248 1
192 232 240 1
136 224 224 1
64 224 208 1
104 224 72 1
96 200 56 1
64 152 32 1
48 120 24 1
32 160 136 1
24 72 88 1
32 64 16 1
24 40 40 1
248 248 248 1
224 240 240 1
176 248 240 1
152 240 224 1
144 216 192 1
128 208 192 1
96 168 144 1
248 248 144 1
136 88 88 1
112 72 80 1
96 64 72 1
48 56 56 1
216 200 128 1
184 160 120 1
160 0 240 1
24 40 40 1
232 248 232 1
248 248 144 1
216 200 128 1
184 160 120 1
152 112 112 1
136 88 88 1
128 64 64 1
136 192 176 1
88 128 112 1
48 64 56 1
152 240 224 1
144 216 192 1
128 208 192 1
96 176 168 1
0 0 0 0
24 40 40 1
72 248 120 1
104 192 128 1
144 136 144 1
184 88 160 1
208 240 192 1
176 168 176 1
144 104 168 1
112 80 136 1
80 56 104 1
56 32 72 1
72 248 152 1
56 216 8 1
40 128 8 1
24 48 8 1
136 88 88 1
24 40 40 1
232 248 232 1
248 248 144 1
216 200 128 1
184 160 120 1
152 112 112 1
136 88 88 1
128 64 64 1
96 200 56 1
48 120 24 1
32 64 16 1
192 240 208 1
128 200 184 1
72 120 88 1
48 72 48 1
88 192 48 1
24 40 40 1
128 200 184 1
248 248 144 1
216 200 128 1
136 88 88 1
232 248 248 1
200 240 248 1
136 240 240 1
64 232 216 1
104 248 72 1
104 224 72 1
96 200 56 1
64 136 40 1
48 176 152 1
32 88 104 1
48 80 32 1
0 8 48 1
88 88 88 1
160 160 160 1
248 248 248 1
168 200 200 1
88 128 128 1
56 80 80 1
32 40 40 1
16 24 32 1
8 16 24 1
0 0 16 1
0 0 8 1
0 16 40 1
0 248 0 1
0 248 0 1
0 0 0 0
